vt,TMP_2,DPT_2,RH_2,RH_700,MSLET_SF,TMP_850,CAPE_180,CIN_180,PWAT_CLM,UGRD_10,UGRD_850,UGRD_500,UGRD_300,VGRD_10,VGRD_850,VGRD_500,VGRD_300,GUST_SF,HGT_0C,TMP_500,HGT_500,HGT_850,VVEL_900,VVEL_700,SNOD_SF,rdrmax,cldave,precave,precpct
2018-09-01 01:00:00,22,17,73,51,1013,14,270,-26,31,-4.0,0,6,11,-4.0,11,5,12,6.0,3561.0,-13,5771,1515,-0.7,0.1,0,11,78.9,0.5,58
2018-09-01 02:00:00,22,17,71,88,1014,13,550,-15,36,-4.0,2,4,9,-3.0,10,11,12,5.0,3487.0,-13,5769,1516,-0.2,-0.4,0,8,80.9,0.5,58
2018-09-01 03:00:00,23,17,72,100,1013,13,660,-4,38,-4.0,2,4,3,-2.0,7,12,15,4.0,3494.0,-13,5766,1512,-1.3,-1.6,0,22,86.8,2.3,100
2018-09-01 04:00:00,22,18,77,94,1013,13,440,-5,37,-5.0,2,2,0,0.0,5,11,16,6.0,3549.0,-13,5767,1510,-1.2,-1.2,0,39,85.3,3.5,100
2018-09-01 05:00:00,21,18,84,89,1014,13,490,-7,37,-4.0,1,1,1,-1.0,4,12,17,6.0,3550.0,-13,5763,1508,-1.1,-0.1,0,33,83.8,3.0,91
2018-09-01 06:00:00,22,18,80,81,1013,12,340,-3,36,-4.0,-2,1,3,-1.0,5,13,18,6.0,3576.0,-14,5760,1506,-0.8,0.1,0,13,59.7,0.8,66
2018-09-01 07:00:00,22,18,77,81,1013,12,350,-1,36,-5.0,-3,1,3,0.0,5,13,20,6.0,3559.0,-14,5758,1503,-0.8,-0.2,0,13,29.0,0.1,16
2018-09-01 08:00:00,22,18,77,79,1014,12,400,-7,36,-4.0,-3,1,2,2.0,6,14,22,5.0,3573.0,-14,5763,1509,-0.6,0.2,0,13,72.8,0.3,50
2018-09-01 09:00:00,22,18,79,81,1014,12,550,-7,36,-3.0,-4,0,3,2.0,6,13,23,5.0,3575.0,-14,5764,1508,-0.4,-0.2,0,13,75.4,0.6,58
2018-09-01 10:00:00,22,18,78,95,1013,12,760,-9,36,-2.0,-4,1,2,2.0,7,14,24,3.0,3563.0,-14,5763,1509,-0.7,-0.7,0,8,49.0,0.9,83
2018-09-01 11:00:00,22,19,79,100,1014,12,880,-9,37,-2.0,-3,1,-1,1.0,8,15,24,3.0,3545.0,-14,5763,1510,1.0,0.0,0,17,67.1,1.3,83
2018-09-01 12:00:00,22,19,79,100,1014,13,750,-14,36,-3.0,-1,-1,-5,0.0,8,14,24,4.0,3530.0,-14,5766,1512,0.5,-0.3,0,30,80.3,1.3,91
2018-09-01 13:00:00,23,18,77,100,1014,12,700,-15,35,-2.0,-1,1,-8,0.0,6,14,24,2.0,3534.0,-14,5767,1514,0.2,-1.0,0,11,79.7,1.4,100
2018-09-01 14:00:00,23,18,76,88,1013,12,720,-20,32,-1.0,-2,-1,-8,0.0,6,14,23,2.0,3573.0,-14,5760,1509,0.5,0.0,0,13,9.0,1.2,100
2018-09-01 15:00:00,23,18,75,66,1013,13,750,-25,29,-1.0,-1,-1,-9,-1.0,8,13,21,1.0,3626.0,-15,5759,1507,0.2,0.0,0,7,5.6,0.2,33
2018-09-01 16:00:00,23,18,72,54,1013,13,790,-31,27,-1.0,1,-2,-6,0.0,7,13,17,1.0,3654.0,-15,5762,1509,0.0,-0.1,0,8,0.6,0.0,16
2018-09-01 17:00:00,23,18,74,50,1013,13,1060,-15,27,-1.0,0,-2,-3,0.0,6,13,15,2.0,3625.0,-15,5760,1511,-0.3,-0.3,0,9,0.0,0.1,25
2018-09-01 18:00:00,23,18,76,42,1013,13,1060,-17,27,-3.0,0,-2,1,-1.0,5,12,15,4.0,3573.0,-16,5752,1508,-0.1,0.0,0,1,0.0,0.1,41
2018-09-01 19:00:00,23,18,75,46,1013,13,1010,-30,25,-3.0,0,-2,3,-1.0,6,12,18,3.0,3530.0,-16,5749,1509,0.1,0.1,0,0,0.0,0.0,0
2018-09-01 20:00:00,23,18,75,46,1013,13,1000,-32,25,-3.0,0,-2,5,-1.0,6,13,21,3.0,3547.0,-16,5749,1509,-0.3,-0.1,0,0,0.0,0.0,0
2018-09-01 21:00:00,23,18,74,48,1013,13,840,-34,26,-3.0,-1,-1,5,1.0,5,13,22,3.0,3540.0,-16,5746,1505,-0.3,-0.5,0,5,14.0,0.0,8
2018-09-01 22:00:00,22,17,74,48,1013,12,760,-7,29,-2.0,-4,-3,3,2.0,4,14,23,3.0,3546.0,-16,5741,1503,-1.3,-1.2,0,14,32.1,0.4,58
2018-09-01 23:00:00,22,18,79,52,1014,11,690,-15,27,-3.0,-5,-4,1,0.0,4,14,24,3.0,3496.0,-16,5743,1505,-0.3,0.0,0,15,2.9,0.7,83
2018-09-02 00:00:00,22,18,77,53,1013,12,800,-14,26,-3.0,-4,-3,-2,-3.0,5,14,25,4.0,3443.0,-16,5742,1505,0.0,-0.4,0,11,1.6,0.0,0
2018-09-02 01:00:00,22,17,77,50,1013,12,860,-3,26,-3.0,-5,-4,-3,-2.0,4,13,26,4.0,3417.0,-16,5739,1505,-0.1,-0.5,0,5,6.2,0.0,0
2018-09-02 02:00:00,21,17,78,37,1013,12,920,-2,26,-3.0,-6,-4,-4,-2.0,4,12,26,4.0,3438.0,-16,5734,1503,-0.7,-1.0,0,13,10.3,0.0,0
2018-09-02 03:00:00,21,17,79,50,1014,11,840,0,28,-4.0,-7,-5,-4,-1.0,4,11,26,4.0,3387.0,-17,5733,1504,-0.7,-1.2,0,13,10.5,0.1,25
2018-09-02 04:00:00,21,17,81,42,1014,12,800,-2,27,-4.0,-6,-6,-2,1.0,5,12,21,6.0,3375.0,-17,5732,1506,-0.2,-0.8,0,11,16.2,0.0,0
2018-09-02 05:00:00,20,18,85,49,1015,11,730,0,28,-3.0,-5,-5,1,2.0,6,12,17,5.0,3334.0,-17,5730,1507,-1.0,-1.2,0,14,16.1,0.1,16
2018-09-02 06:00:00,20,18,87,41,1015,11,670,0,26,-2.0,-3,-5,2,1.0,7,12,15,3.0,3323.0,-17,5728,1508,-0.2,-0.5,0,13,11.2,0.2,33
2018-09-02 07:00:00,20,18,86,37,1015,11,680,-4,24,-1.0,-1,-5,1,1.0,7,12,16,2.0,3321.0,-16,5728,1510,-0.2,0.1,0,15,7.7,0.1,8
2018-09-02 08:00:00,21,18,85,35,1015,11,770,-7,23,-1.0,0,-4,0,1.0,6,13,16,2.0,3319.0,-16,5733,1515,-0.2,-0.2,0,12,3.1,0.0,16
2018-09-02 09:00:00,21,18,86,40,1016,11,920,-5,23,-1.0,0,-4,1,2.0,5,14,16,2.0,3295.0,-16,5735,1517,0.0,0.0,0,9,0.0,0.1,16
2018-09-02 10:00:00,21,18,86,39,1015,12,970,-13,22,-1.0,0,-4,0,1.0,4,14,16,1.0,3286.0,-16,5737,1519,0.3,0.1,0,0,0.0,0.0,0
2018-09-02 11:00:00,21,18,80,67,1015,12,720,-27,23,-1.0,-1,-4,-1,1.0,4,15,17,1.0,3267.0,-16,5739,1520,0.5,0.0,0,0,0.0,0.0,0
2018-09-02 12:00:00,22,16,70,76,1015,13,420,-58,23,-1.0,-1,-3,-2,0.0,3,15,17,1.0,3280.0,-16,5745,1523,0.4,-0.3,0,1,1.1,0.0,0
2018-09-02 13:00:00,23,16,64,88,1015,13,360,-58,23,0.0,-3,-2,-3,1.0,3,14,17,1.0,3259.0,-16,5749,1526,0.4,-0.1,0,0,10.6,0.1,16
2018-09-02 14:00:00,24,15,60,94,1015,13,330,-40,25,0.0,-4,-2,-2,-1.0,4,12,17,1.0,3231.0,-16,5744,1521,0.3,0.0,0,11,59.4,0.2,33
2018-09-02 15:00:00,24,15,57,78,1014,13,360,-6,26,0.0,-5,-2,-3,-1.0,4,12,16,1.0,3238.0,-16,5744,1518,0.4,-0.1,0,0,47.5,0.3,25
2018-09-02 16:00:00,24,16,59,73,1014,13,570,-31,27,0.0,-4,-2,-3,-1.0,4,12,16,1.0,3264.0,-16,5748,1520,0.7,-0.1,0,0,31.5,0.0,8
2018-09-02 17:00:00,24,17,66,73,1014,13,1060,-23,28,-1.0,-3,-2,-3,-2.0,4,11,15,2.0,3253.0,-16,5747,1519,-0.9,-0.4,0,0,41.2,0.1,25
2018-09-02 18:00:00,23,18,71,62,1014,13,970,-21,28,-2.0,-3,-2,-3,-3.0,4,10,13,6.0,3299.0,-16,5742,1514,-0.4,0.0,0,0,30.9,0.3,33
2018-09-02 19:00:00,23,17,73,48,1013,13,800,-24,27,-3.0,-2,-3,-3,-4.0,5,9,11,5.0,3359.0,-16,5742,1511,-0.2,0.1,0,0,23.4,0.1,16
2018-09-02 20:00:00,22,17,74,38,1013,12,690,-23,26,-3.0,-3,-4,-2,-4.0,4,9,9,5.0,3402.0,-15,5744,1510,-0.3,0.0,0,0,12.1,0.0,0
2018-09-02 21:00:00,22,17,75,35,1013,12,620,-23,25,-3.0,-4,-4,0,-4.0,3,9,8,5.0,3377.0,-15,5741,1508,-0.7,0.1,0,12,24.6,0.0,16
2018-09-02 22:00:00,22,17,76,31,1013,12,600,-10,25,-3.0,-4,-4,0,-3.0,3,8,7,5.0,3427.0,-15,5736,1501,-0.4,0.1,0,11,37.1,0.0,8
2018-09-02 23:00:00,22,17,75,37,1013,12,540,-20,25,-3.0,-3,-4,-1,-3.0,4,8,9,4.0,3448.0,-15,5737,1501,-0.4,0.1,0,12,27.8,0.0,8
2018-09-03 00:00:00,22,17,75,47,1013,12,480,-30,26,-3.0,-4,-3,-1,-2.0,4,8,11,4.0,3440.0,-15,5737,1500,-0.1,-0.2,0,0,43.3,0.0,0
2018-09-03 01:00:00,22,17,72,58,1013,12,470,-20,27,-2.0,-3,-3,0,-1.0,4,8,11,2.0,3381.0,-15,5734,1499,0.0,-0.2,0,1,33.7,0.0,0
2018-09-03 02:00:00,22,17,73,64,1012,12,460,-30,27,-2.0,-4,-2,1,-1.0,4,8,13,2.0,3365.0,-15,5730,1494,0.0,0.0,0,0,58.1,0.0,0
2018-09-03 03:00:00,22,17,74,67,1012,12,470,-20,28,-2.0,-3,-2,1,0.0,4,9,14,2.0,3365.0,-15,5727,1492,-0.1,0.0,0,0,81.8,0.0,0
2018-09-03 04:00:00,21,17,75,70,1012,11,490,-20,29,-2.0,-2,-2,-1,0.0,4,9,14,2.0,3324.0,-15,5725,1493,0.0,-0.3,0,0,81.8,0.0,0
2018-09-03 05:00:00,21,17,78,71,1012,12,540,-20,30,-2.0,-2,-2,-3,1.0,4,8,13,3.0,3310.0,-15,5723,1490,0.1,0.0,0,0,82.6,0.0,0
2018-09-03 06:00:00,21,17,82,76,1012,12,660,-20,30,-2.0,-2,-1,-4,1.0,4,8,12,2.0,3270.0,-15,5720,1487,-0.1,0.0,0,0,82.9,0.0,0
2018-09-03 07:00:00,21,18,83,75,1011,12,790,-10,30,-2.0,-1,-1,-3,1.0,4,8,10,2.0,3296.0,-15,5718,1484,0.1,0.1,0,0,79.7,0.0,0
2018-09-03 08:00:00,21,18,85,71,1012,12,860,-10,30,-1.0,-1,-1,-2,2.0,4,8,9,2.0,3361.0,-15,5725,1488,-0.2,-0.1,0,8,81.9,0.0,8
2018-09-03 09:00:00,21,18,87,70,1012,12,920,-10,31,0.0,0,-2,-2,2.0,4,8,7,2.0,3360.0,-15,5724,1488,-0.2,-0.1,0,10,76.5,0.2,41
2018-09-03 10:00:00,21,18,87,70,1012,11,1020,-3,31,-1.0,0,-2,-1,1.0,3,9,6,1.0,3367.0,-15,5723,1486,-0.8,-0.6,0,12,67.8,0.6,100
2018-09-03 11:00:00,21,18,88,73,1012,12,980,-2,30,-1.0,1,-3,0,1.0,3,8,4,2.0,3329.0,-15,5722,1485,-0.1,0.4,0,14,61.7,0.5,100
2018-09-03 12:00:00,21,19,89,70,1012,12,990,-2,30,-1.0,1,-3,2,2.0,4,8,2,2.0,3398.0,-15,5725,1488,-0.3,0.4,0,10,13.6,0.1,58
2018-09-03 13:00:00,21,19,88,71,1012,12,950,-4,30,-1.0,2,-2,2,2.0,3,6,0,2.0,3416.0,-15,5724,1487,0.0,0.0,0,4,17.2,0.0,16
2018-09-03 14:00:00,21,19,87,72,1011,12,830,-11,30,-1.0,1,-1,2,2.0,3,6,-1,2.0,3442.0,-15,5720,1481,0.3,0.0,0,6,18.8,0.0,0
2018-09-03 15:00:00,21,18,85,70,1011,12,750,-8,29,-1.0,0,-1,2,2.0,3,4,-1,2.0,3450.0,-15,5720,1479,-0.2,-0.1,0,12,17.5,0.0,0
2018-09-03 16:00:00,21,18,85,67,1011,12,900,-5,30,-1.0,-1,0,2,2.0,2,3,1,2.0,3472.0,-15,5721,1480,0.1,0.0,0,14,10.3,0.0,0
2018-09-03 17:00:00,21,18,86,67,1011,11,980,-2,30,-1.0,-1,0,2,1.0,2,2,1,1.0,3457.0,-15,5719,1480,0.2,0.2,0,0,13.9,0.0,0
2018-09-03 18:00:00,21,18,86,66,1010,11,950,-1,30,-1.0,-2,-1,1,1.0,2,1,3,1.0,3432.0,-15,5714,1475,-0.1,-0.2,0,8,32.4,0.0,0
2018-09-03 19:00:00,21,18,84,73,1010,12,690,0,30,-1.0,-1,-2,0,-1.0,2,1,4,2.0,3363.0,-15,5711,1474,0.1,0.0,0,4,56.6,0.1,8
2018-09-03 20:00:00,21,17,78,75,1010,12,400,-20,30,-1.0,-1,-2,0,-1.0,1,1,4,2.0,3372.0,-15,5712,1474,0.2,0.2,0,0,63.6,0.0,8
2018-09-03 21:00:00,21,16,75,76,1010,12,280,-30,30,0.0,-1,-2,0,-1.0,0,2,3,1.0,3383.0,-15,5710,1471,0.1,0.1,0,4,50.0,0.0,0
2018-09-03 22:00:00,21,16,76,75,1010,11,280,-20,30,0.0,-1,-2,0,0.0,-1,2,1,1.0,3373.0,-16,5704,1468,0.1,0.0,0,0,33.5,0.0,0
2018-09-03 23:00:00,21,16,77,75,1010,11,290,-35,30,0.0,0,-1,-1,0.0,-2,1,-1,0.0,3348.0,-16,5705,1469,0.2,-0.1,0,0,19.0,0.0,0
2018-09-04 00:00:00,21,16,77,74,1010,12,330,-40,30,0.0,1,-1,-2,0.0,-2,0,-1,0.0,3348.0,-16,5705,1471,0.0,0.1,0,0,32.5,0.0,0
2018-09-04 01:00:00,21,16,78,74,1010,12,370,-34,30,1.0,2,0,-2,0.0,-2,-2,-3,1.0,3340.0,-16,5703,1471,-0.2,0.1,0,0,25.7,0.0,0
2018-09-04 02:00:00,21,16,77,74,1010,11,340,-30,30,1.0,3,-1,-2,-1.0,-2,-3,-4,2.0,3327.0,-16,5699,1468,-0.2,-0.1,0,0,15.9,0.0,0
2018-09-04 03:00:00,20,16,77,72,1010,11,340,-10,30,1.0,4,0,-3,-2.0,-3,-4,-5,2.0,3321.0,-16,5699,1468,-0.6,-0.4,0,0,16.9,0.0,0
2018-09-04 04:00:00,20,16,79,70,1010,11,420,-4,31,1.0,4,-1,-3,-2.0,-3,-5,-7,2.0,3302.0,-16,5698,1470,-0.6,0.1,0,0,30.4,0.0,0
2018-09-04 05:00:00,20,17,81,69,1010,11,400,-9,30,0.0,5,-1,-1,-3.0,-3,-5,-8,3.0,3306.0,-16,5697,1467,-1.0,0.2,0,8,39.1,0.0,0
2018-09-04 06:00:00,20,17,82,71,1010,11,450,-15,31,0.0,5,0,-1,0.0,-3,-5,-10,1.0,3332.0,-16,5697,1465,-1.3,0.3,0,6,42.5,0.0,0
2018-09-04 07:00:00,20,17,84,71,1009,11,630,-7,31,0.0,4,1,0,1.0,-3,-6,-12,1.0,3367.0,-16,5697,1464,-0.4,0.0,0,8,4.7,0.0,0
2018-09-04 08:00:00,20,18,90,75,1010,11,820,-2,32,-1.0,4,3,1,3.0,-3,-6,-13,2.0,3363.0,-16,5703,1470,0.3,-0.4,0,6,55.2,0.5,50
2018-09-04 09:00:00,19,17,91,80,1010,12,940,-1,32,0.0,3,3,0,2.0,-2,-7,-14,2.0,3369.0,-16,5707,1474,0.1,0.1,0,7,68.9,0.7,75
2018-09-04 10:00:00,20,19,90,83,1010,12,950,0,33,-1.0,4,3,-2,2.0,-1,-7,-13,2.0,3389.0,-16,5709,1471,-0.2,0.4,0,8,71.1,1.0,83
2018-09-04 11:00:00,20,19,89,79,1010,12,830,0,32,-1.0,3,2,-8,2.0,-1,-9,-13,2.0,3404.0,-15,5713,1471,0.3,0.2,0,9,49.8,0.5,75
2018-09-04 12:00:00,20,19,91,75,1010,12,660,-6,31,-1.0,3,1,-15,3.0,-1,-10,-15,3.0,3452.0,-15,5721,1473,0.3,0.1,0,10,59.6,0.1,25
2018-09-04 13:00:00,20,19,91,71,1010,12,520,-8,31,-1.0,3,-2,-7,3.0,-1,-11,-15,3.0,3499.0,-14,5728,1474,-0.2,0.2,0,12,4.7,0.1,25
2018-09-04 14:00:00,20,18,88,69,1010,13,470,-15,31,-1.0,4,-1,-2,2.0,-2,-10,-16,2.0,3516.0,-13,5728,1471,-0.1,-0.2,0,11,0.7,0.1,25
2018-09-04 15:00:00,20,17,86,67,1010,13,440,-26,30,-1.0,4,0,6,1.0,-2,-10,-13,2.0,3546.0,-13,5732,1473,0.1,-0.1,0,10,4.8,0.0,0
2018-09-04 16:00:00,21,18,85,67,1010,13,510,-18,31,-1.0,5,1,10,1.0,-3,-10,-11,1.0,3602.0,-12,5741,1477,-0.1,0.1,0,11,0.7,0.0,8
2018-09-04 17:00:00,21,19,84,70,1010,13,550,-18,31,-1.0,4,3,8,1.0,-4,-9,-13,1.0,3553.0,-12,5743,1479,0.1,-0.1,0,7,5.7,0.0,0
2018-09-04 18:00:00,21,19,85,69,1010,13,650,-12,32,0.0,4,4,9,0.0,-6,-9,-12,0.0,3599.0,-12,5744,1478,-0.1,-0.2,0,6,16.7,0.0,0
2018-09-04 19:00:00,21,19,86,82,1010,13,730,-11,34,0.0,3,5,9,-1.0,-8,-9,-12,1.0,3599.0,-13,5747,1481,0.0,-0.3,0,13,10.9,0.0,0
2018-09-04 20:00:00,21,18,84,90,1011,13,560,-37,35,1.0,0,6,11,-2.0,-9,-9,-11,2.0,3565.0,-13,5749,1487,-0.3,0.0,0,13,0.0,0.0,8
2018-09-04 21:00:00,21,18,81,85,1011,13,370,-59,34,1.0,-1,7,12,-1.0,-8,-9,-11,2.0,3566.0,-13,5749,1488,-0.9,0.3,0,0,0.0,0.0,0
2018-09-04 22:00:00,21,18,80,81,1011,13,260,-57,33,1.0,-2,8,13,-1.0,-8,-9,-11,2.0,3567.0,-13,5748,1487,-1.7,0.4,0,0,0.0,0.0,0
2018-09-04 23:00:00,21,17,78,83,1011,13,130,-13,33,1.0,-2,8,15,-1.0,-7,-10,-10,1.0,3567.0,-13,5751,1491,-2.2,0.6,0,5,0.0,0.0,0
2018-09-05 00:00:00,21,17,78,84,1012,13,150,-12,33,1.0,-2,8,17,-1.0,-7,-10,-9,1.0,3584.0,-13,5754,1494,-1.9,0.9,0,8,0.0,0.0,0
2018-09-05 01:00:00,21,17,75,81,1012,13,170,-14,33,1.0,-3,8,18,-2.0,-7,-9,-8,3.0,3600.0,-13,5754,1495,-1.8,0.8,0,6,0.0,0.0,0
2018-09-05 02:00:00,21,16,74,81,1012,13,130,-25,32,2.0,-3,8,18,-2.0,-9,-8,-8,3.0,3567.0,-13,5751,1494,-2.0,0.3,0,5,0.0,0.0,0
2018-09-05 03:00:00,21,16,73,79,1012,13,130,-39,31,3.0,-4,8,20,-2.0,-9,-7,-8,4.0,3540.0,-14,5750,1495,-1.7,0.0,0,2,0.0,0.0,0
2018-09-05 04:00:00,20,15,73,77,1012,14,200,-46,31,3.0,-4,7,21,-2.0,-8,-6,-8,7.0,3520.0,-14,5750,1497,-1.8,-0.2,0,2,24.7,0.0,0
2018-09-05 05:00:00,20,15,72,79,1012,14,40,-73,30,4.0,-4,5,18,-2.0,-9,-5,-9,9.0,3475.0,-15,5749,1499,-1.4,-0.4,0,9,37.3,0.0,0
2018-09-05 06:00:00,21,15,69,80,1012,14,50,-182,29,3.0,-3,2,15,-1.0,-9,-7,-11,9.0,3440.0,-15,5748,1498,-1.2,-0.5,0,0,68.1,0.0,0
2018-09-05 07:00:00,22,16,67,79,1012,14,120,-138,28,2.0,-3,3,12,1.0,-10,-7,-14,9.0,3430.0,-14,5748,1499,-0.8,-0.4,0,0,37.7,0.0,0
2018-09-05 08:00:00,23,16,62,76,1013,13,170,-89,27,-1.0,-3,6,11,0.0,-10,-7,-15,5.0,3442.0,-15,5753,1506,-1.5,-0.5,0,0,0.0,0.0,0
2018-09-05 09:00:00,24,15,58,75,1013,13,110,-56,26,-2.0,-2,5,10,0.0,-9,-8,-15,5.0,3476.0,-14,5754,1508,-1.5,-0.2,0,0,0.0,0.0,0
2018-09-05 10:00:00,25,15,57,72,1013,13,100,-41,26,-1.0,-2,4,10,1.0,-7,-9,-14,3.0,3515.0,-14,5754,1508,-1.0,0.0,0,0,0.0,0.0,0
2018-09-05 11:00:00,25,16,58,68,1012,13,110,-31,25,0.0,-1,4,11,2.0,-6,-9,-13,1.0,3577.0,-14,5758,1510,-0.4,0.4,0,9,0.0,0.0,0
2018-09-05 12:00:00,25,16,57,68,1013,13,40,-29,26,0.0,0,5,12,2.0,-5,-8,-12,2.0,3638.0,-14,5764,1512,0.6,0.6,0,10,0.0,0.0,0
2018-09-05 13:00:00,26,15,51,67,1012,14,0,0,26,1.0,1,7,13,2.0,-4,-7,-12,2.0,3643.0,-14,5768,1514,0.8,0.3,0,11,0.0,0.0,0
2018-09-05 14:00:00,26,16,55,64,1012,14,240,-10,28,0.0,1,7,13,1.0,-3,-6,-12,1.0,3669.0,-14,5765,1509,0.1,0.4,0,10,0.0,0.1,8
2018-09-05 15:00:00,26,17,58,60,1012,14,590,-14,28,1.0,1,8,14,1.0,-3,-6,-12,2.0,3704.0,-14,5766,1508,-0.6,0.2,0,9,0.0,0.1,33
2018-09-05 16:00:00,25,18,64,59,1012,14,800,-8,28,1.0,0,8,15,-1.0,-2,-6,-11,2.0,3669.0,-14,5769,1511,0.6,0.0,0,12,0.0,0.1,25
2018-09-05 17:00:00,25,19,71,58,1012,13,1120,-12,29,0.0,0,8,16,-3.0,-2,-6,-10,4.0,3653.0,-14,5768,1512,0.3,-0.1,0,0,0.0,0.0,0
2018-09-05 18:00:00,24,19,70,59,1012,14,830,-22,28,0.0,1,9,16,-5.0,-1,-6,-9,5.0,3597.0,-14,5763,1509,0.2,-0.2,0,0,0.0,0.0,0
2018-09-05 19:00:00,24,18,70,60,1012,14,650,-31,28,-1.0,1,9,17,-5.0,-1,-6,-9,6.0,3561.0,-14,5762,1509,0.0,-0.2,0,0,0.0,0.0,0
2018-09-05 20:00:00,24,18,70,64,1012,13,450,-22,27,-1.0,1,10,18,-5.0,-2,-6,-8,6.0,3531.0,-14,5762,1510,-0.1,-0.2,0,0,0.0,0.0,0
2018-09-05 21:00:00,24,17,69,70,1012,13,330,-29,28,-2.0,1,10,18,-5.0,-2,-6,-8,6.0,3519.0,-14,5758,1507,-0.4,0.0,0,0,0.0,0.0,0
2018-09-05 22:00:00,24,17,66,73,1012,13,290,-29,29,-2.0,1,11,18,-4.0,-2,-6,-9,5.0,3506.0,-14,5753,1503,-0.4,-0.1,0,0,0.0,0.0,0
2018-09-05 23:00:00,24,17,65,73,1012,13,290,-33,29,-2.0,2,12,18,-3.0,-2,-6,-9,3.0,3510.0,-14,5753,1504,0.2,-0.3,0,1,0.0,0.0,0
2018-09-06 00:00:00,24,16,64,77,1012,13,250,-36,30,-2.0,3,13,19,-1.0,-1,-7,-10,2.0,3493.0,-14,5752,1503,0.2,-0.3,0,8,0.2,0.0,0
2018-09-06 01:00:00,24,16,64,86,1012,13,240,-53,31,-1.0,3,12,19,0.0,0,-8,-10,1.0,3432.0,-14,5748,1503,-0.2,-0.2,0,6,8.1,0.0,16
2018-09-06 02:00:00,23,16,65,85,1012,13,200,-48,31,-1.0,4,12,19,0.0,0,-9,-10,1.0,3444.0,-14,5746,1501,-0.5,-0.1,0,8,7.9,0.0,8
2018-09-06 03:00:00,23,16,65,90,1012,12,170,-42,31,-1.0,4,12,19,-1.0,1,-8,-11,1.0,3437.0,-14,5745,1500,-0.7,-0.2,0,13,12.0,0.0,8
2018-09-06 04:00:00,23,16,64,88,1012,12,130,-41,31,-1.0,4,13,18,-1.0,1,-8,-11,1.0,3439.0,-15,5742,1500,-0.4,-0.3,0,7,18.7,0.0,25
2018-09-06 05:00:00,23,16,66,88,1012,12,130,-39,31,-1.0,3,13,17,0.0,1,-9,-11,1.0,3428.0,-15,5739,1498,-0.6,-0.1,0,11,5.9,0.0,8
2018-09-06 06:00:00,22,17,71,92,1012,12,220,-39,32,-2.0,3,12,17,0.0,1,-10,-11,3.0,3410.0,-15,5737,1496,-0.5,-0.1,0,10,17.2,0.0,0
2018-09-06 07:00:00,22,17,73,95,1012,12,370,-24,33,-2.0,3,10,15,1.0,1,-9,-10,3.0,3386.0,-14,5736,1496,-0.3,-0.5,0,18,39.6,0.1,33
2018-09-06 08:00:00,22,18,77,93,1012,12,550,-17,32,-2.0,4,8,15,2.0,1,-9,-10,3.0,3393.0,-14,5739,1498,-0.3,-0.3,0,30,38.3,0.3,41
2018-09-06 09:00:00,22,18,78,89,1012,12,560,-13,31,-2.0,2,8,14,0.0,1,-7,-9,2.0,3408.0,-13,5742,1498,-0.1,-0.3,0,21,16.3,0.5,50
2018-09-06 10:00:00,23,18,74,88,1012,12,530,-8,31,-1.0,2,8,14,0.0,2,-7,-8,2.0,3395.0,-13,5743,1497,-0.1,-0.4,0,13,12.2,0.3,58
2018-09-06 11:00:00,23,18,73,82,1012,12,520,-7,30,-1.0,1,8,14,1.0,2,-7,-8,2.0,3444.0,-13,5745,1496,0.0,0.0,0,12,2.5,0.3,50
2018-09-06 12:00:00,23,18,74,74,1012,12,400,-17,29,-1.0,2,7,13,2.0,3,-8,-7,2.0,3519.0,-13,5749,1496,0.3,-0.2,0,12,2.4,0.1,25
2018-09-06 13:00:00,23,17,72,62,1012,13,240,-45,28,0.0,2,6,12,1.0,3,-7,-6,1.0,3591.0,-13,5752,1495,0.2,0.0,0,0,1.0,0.0,25
2018-09-06 14:00:00,23,17,71,49,1011,13,380,-35,27,-1.0,3,6,11,1.0,2,-6,-5,1.0,3660.0,-13,5750,1490,0.0,-0.1,0,12,0.2,0.0,0
2018-09-06 15:00:00,23,18,70,48,1011,13,440,-35,27,-1.0,4,6,11,0.0,1,-6,-4,1.0,3672.0,-13,5750,1487,0.1,-0.1,0,11,0.0,0.0,8
2018-09-06 16:00:00,23,17,70,46,1011,13,480,-34,27,-1.0,3,5,10,0.0,1,-5,-3,1.0,3675.0,-13,5751,1488,-0.2,-0.1,0,13,0.0,0.0,0
2018-09-06 17:00:00,23,18,70,48,1011,13,530,-26,27,-1.0,3,4,10,-1.0,0,-5,-3,1.0,3661.0,-13,5751,1488,-0.3,0.0,0,12,0.0,0.0,0
2018-09-06 18:00:00,23,17,70,50,1010,13,540,-26,27,-1.0,2,4,9,0.0,0,-5,-3,1.0,3649.0,-13,5747,1485,0.0,-0.2,0,12,1.3,0.0,0
2018-09-06 19:00:00,23,17,71,50,1011,13,590,-21,27,0.0,2,4,8,0.0,0,-4,-2,1.0,3626.0,-13,5746,1486,-0.2,-0.2,0,13,14.3,0.0,0
2018-09-06 20:00:00,23,18,74,49,1011,13,650,-14,27,0.0,1,3,7,0.0,0,-4,-2,0.0,3612.0,-14,5745,1488,0.1,-0.3,0,9,27.0,0.0,0
2018-09-06 21:00:00,22,18,75,48,1011,12,680,-12,27,0.0,1,3,7,0.0,0,-3,-2,0.0,3605.0,-14,5743,1487,-0.1,-0.3,0,8,54.9,0.0,0
2018-09-06 22:00:00,22,18,76,47,1011,12,710,-11,27,0.0,1,3,6,0.0,0,-3,-2,1.0,3603.0,-14,5741,1486,0.1,-0.1,0,6,56.0,0.0,0
2018-09-06 23:00:00,22,18,76,46,1011,12,670,-13,27,-1.0,1,3,6,-1.0,0,-2,-3,1.0,3608.0,-14,5742,1487,0.1,-0.1,0,0,42.3,0.0,0
2018-09-07 00:00:00,22,18,75,45,1011,12,620,-17,27,0.0,2,3,5,-1.0,0,-2,-2,1.0,3609.0,-14,5743,1488,0.1,0.0,0,0,41.4,0.0,0
2018-09-07 01:00:00,22,17,75,46,1011,13,570,-21,27,-1.0,2,3,6,-1.0,0,-2,-1,1.0,3613.0,-14,5742,1488,0.0,0.0,0,0,26.9,0.0,0
2018-09-07 02:00:00,22,17,73,46,1011,13,530,-24,27,-1.0,2,3,6,-1.0,0,-2,-1,1.0,3609.0,-14,5741,1487,0.1,0.0,0,0,13.2,0.0,0
2018-09-07 03:00:00,22,17,72,44,1011,13,480,-28,26,-1.0,2,4,6,-1.0,0,-3,-2,1.0,3621.0,-14,5742,1487,0.0,0.0,0,0,17.1,0.0,0
2018-09-07 04:00:00,22,17,72,42,1011,12,470,-29,26,0.0,2,4,5,-1.0,0,-3,-3,1.0,3624.0,-14,5742,1488,0.0,0.0,0,0,29.7,0.0,0
2018-09-07 05:00:00,22,17,74,43,1011,13,480,-30,26,0.0,2,4,5,0.0,-1,-3,-4,0.0,3605.0,-14,5742,1488,0.0,-0.1,0,0,31.0,0.0,0
2018-09-07 06:00:00,22,17,75,46,1011,13,550,-26,27,0.0,2,4,5,0.0,-1,-3,-4,1.0,3579.0,-14,5742,1489,-0.1,-0.2,0,0,14.0,0.0,0
2018-09-07 07:00:00,22,18,76,48,1011,13,620,-23,27,0.0,2,3,7,1.0,-1,-3,-4,0.0,3563.0,-14,5742,1490,-0.1,-0.2,0,0,4.8,0.0,0
2018-09-07 08:00:00,22,18,77,51,1012,13,540,-35,27,-1.0,1,3,9,1.0,-1,-3,-3,2.0,3555.0,-14,5748,1496,0.3,-0.1,0,2,1.5,0.0,0
2018-09-07 09:00:00,22,18,77,54,1012,13,330,-70,27,-1.0,1,3,10,2.0,-2,-3,-3,2.0,3530.0,-14,5750,1499,0.5,0.0,0,9,5.1,0.0,0
2018-09-07 10:00:00,22,17,74,57,1012,13,390,-43,27,-1.0,-1,3,9,2.0,-2,-3,-5,2.0,3547.0,-14,5752,1500,-0.2,-0.1,0,7,4.5,0.0,8
2018-09-07 11:00:00,23,17,71,61,1012,13,470,-34,28,0.0,-1,3,8,0.0,-1,-2,-6,0.0,3553.0,-14,5754,1501,0.4,0.1,0,9,7.5,0.0,0
2018-09-07 12:00:00,23,17,70,64,1013,13,570,-34,29,0.0,-1,3,7,1.0,-1,-2,-6,1.0,3586.0,-14,5760,1505,0.5,-0.1,0,9,7.3,0.0,0
2018-09-07 13:00:00,23,18,72,68,1013,13,880,-27,30,1.0,-2,4,5,1.0,-1,-2,-5,1.0,3595.0,-14,5764,1506,0.2,0.2,0,10,11.7,0.0,16
2018-09-07 14:00:00,24,18,73,67,1012,13,940,-24,30,1.0,-1,4,5,1.0,0,-2,-4,1.0,3652.0,-14,5763,1501,0.3,0.0,0,0,4.1,0.0,8
2018-09-07 15:00:00,24,19,74,70,1012,14,1130,-12,30,1.0,-1,3,5,0.0,0,-2,-3,2.0,3641.0,-14,5764,1501,0.1,0.0,0,5,15.2,0.0,8
2018-09-07 16:00:00,24,19,73,71,1012,14,1240,-11,30,1.0,-1,4,4,0.0,1,-2,-3,1.0,3645.0,-14,5769,1506,0.1,0.0,0,4,20.2,0.0,0
2018-09-07 17:00:00,24,19,74,73,1013,14,1330,-6,30,0.0,-1,3,4,1.0,1,-2,-2,0.0,3629.0,-14,5771,1508,0.0,0.0,0,0,28.0,0.0,0
2018-09-07 18:00:00,23,19,76,77,1013,14,1440,-7,30,0.0,0,3,4,1.0,1,-2,-1,1.0,3600.0,-14,5768,1508,-0.1,-0.1,0,0,21.6,0.0,0
2018-09-07 19:00:00,23,19,79,79,1013,14,1450,-7,31,0.0,1,3,5,0.0,1,-1,-1,0.0,3610.0,-14,5770,1510,0.3,0.0,0,0,21.5,0.0,0
2018-09-07 20:00:00,23,19,79,78,1013,14,1330,-14,30,0.0,0,2,6,0.0,1,-1,-1,0.0,3617.0,-14,5772,1512,0.0,-0.1,0,0,15.1,0.0,0
2018-09-07 21:00:00,23,19,79,76,1013,14,1180,-20,30,0.0,0,2,6,0.0,0,-1,-1,0.0,3627.0,-14,5771,1512,0.1,0.1,0,0,18.5,0.0,0
2018-09-07 22:00:00,23,19,79,74,1013,14,970,-27,30,0.0,-1,3,6,0.0,0,-1,-1,0.0,3637.0,-14,5769,1511,-0.2,0.0,0,0,19.2,0.0,0
2018-09-07 23:00:00,22,18,79,74,1014,13,840,-30,30,0.0,-1,3,6,0.0,0,-1,-1,1.0,3603.0,-14,5771,1515,-0.2,-0.2,0,0,20.0,0.0,0
2018-09-08 00:00:00,22,18,79,75,1014,13,750,-28,30,0.0,-2,3,7,1.0,1,0,-2,1.0,3576.0,-14,5772,1518,-0.2,-0.1,0,0,20.6,0.0,0
2018-09-08 01:00:00,22,18,78,76,1015,13,680,-29,30,0.0,-2,3,8,0.0,1,0,-2,0.0,3561.0,-14,5772,1519,0.0,0.1,0,0,4.7,0.0,0
2018-09-08 02:00:00,22,18,78,73,1015,13,650,-31,30,-1.0,-2,3,7,0.0,1,0,-1,1.0,3581.0,-14,5771,1518,0.2,-0.2,0,0,10.9,0.0,0
2018-09-08 03:00:00,22,18,78,73,1015,13,660,-38,30,-1.0,-2,3,7,0.0,1,1,-1,1.0,3556.0,-14,5771,1520,0.0,-0.1,0,0,12.4,0.0,0
2018-09-08 04:00:00,22,18,78,72,1015,13,690,-33,31,-1.0,-2,3,6,0.0,1,1,-1,1.0,3551.0,-14,5773,1522,0.1,0.0,0,0,28.6,0.0,0
2018-09-08 05:00:00,22,18,76,72,1015,13,610,-34,32,-1.0,-3,2,5,0.0,2,1,-1,2.0,3544.0,-14,5773,1523,-0.2,0.0,0,0,37.4,0.0,0
2018-09-08 06:00:00,22,18,77,74,1015,12,550,-27,32,-2.0,-3,2,5,0.0,2,2,0,2.0,3545.0,-15,5772,1524,0.0,0.0,0,0,43.7,0.0,0
2018-09-08 07:00:00,22,18,76,76,1016,12,730,-15,32,-2.0,-3,2,4,1.0,2,2,-1,2.0,3547.0,-15,5773,1526,0.1,-0.1,0,8,44.3,0.0,0
2018-09-08 08:00:00,23,18,76,77,1016,12,760,-15,32,-1.0,-3,1,3,1.0,2,2,0,2.0,3548.0,-15,5778,1532,0.1,0.0,0,0,43.6,0.0,8
2018-09-08 09:00:00,23,18,76,80,1016,13,730,-20,32,0.0,-3,2,3,1.0,2,2,-1,1.0,3533.0,-15,5779,1534,0.0,-0.2,0,0,44.7,0.1,41
2018-09-08 10:00:00,23,18,76,81,1016,12,740,-17,33,-2.0,-2,2,2,0.0,3,2,-1,2.0,3541.0,-15,5781,1534,-0.1,-0.1,0,0,34.4,0.2,41
2018-09-08 11:00:00,23,18,74,83,1016,12,790,-17,33,-2.0,-2,1,4,-1.0,3,2,-2,2.0,3545.0,-15,5784,1537,0.0,0.0,0,0,35.1,0.2,58
2018-09-08 12:00:00,24,18,71,82,1017,13,840,-17,33,-1.0,-2,1,5,1.0,3,2,-3,1.0,3571.0,-14,5790,1540,0.6,-0.2,0,0,40.3,0.3,58
2018-09-08 13:00:00,24,18,73,82,1017,13,860,-16,33,-1.0,-2,1,5,1.0,2,2,-4,2.0,3578.0,-14,5793,1541,0.1,0.5,0,0,39.9,0.3,50
2018-09-08 14:00:00,23,19,75,77,1016,13,880,-17,33,-2.0,-1,1,7,1.0,2,1,-4,2.0,3612.0,-14,5792,1538,0.0,0.1,0,0,43.6,0.2,33
2018-09-08 15:00:00,23,18,74,73,1016,13,840,-18,33,-1.0,-1,1,9,1.0,2,0,-4,1.0,3621.0,-14,5795,1538,0.1,0.1,0,0,43.7,0.2,41
2018-09-08 16:00:00,24,19,74,70,1017,13,880,-19,33,0.0,-1,1,9,0.0,2,-1,-3,1.0,3643.0,-14,5800,1542,0.1,0.0,0,0,37.3,0.1,33
2018-09-08 17:00:00,23,19,75,68,1017,13,960,-13,33,0.0,-1,1,8,-1.0,1,-1,-6,1.0,3657.0,-14,5803,1545,0.0,-0.1,0,5,4.4,0.0,8
2018-09-08 18:00:00,23,19,76,67,1017,13,970,-11,32,0.0,-1,1,9,-1.0,1,-2,-6,1.0,3647.0,-14,5801,1544,0.0,-0.1,0,5,0.0,0.1,8
2018-09-08 19:00:00,23,19,76,69,1017,13,840,-15,32,-1.0,-2,2,9,-2.0,1,-3,-6,2.0,3624.0,-14,5804,1548,0.1,0.0,0,0,1.1,0.1,16
2018-09-08 20:00:00,23,18,74,70,1018,13,590,-27,32,-2.0,-2,3,10,-2.0,1,-3,-5,3.0,3643.0,-14,5807,1550,-0.1,0.0,0,0,1.1,0.0,8
2018-09-08 21:00:00,23,18,74,73,1018,13,410,-40,32,-2.0,-2,3,10,-2.0,1,-2,-4,3.0,3624.0,-14,5807,1551,0.0,-0.2,0,0,0.0,0.0,0
2018-09-08 22:00:00,23,18,75,74,1018,13,370,-42,31,-3.0,-3,4,10,-3.0,1,-2,-4,4.0,3643.0,-14,5806,1551,-0.1,0.1,0,0,0.0,0.0,0
2018-09-08 23:00:00,22,18,76,72,1018,13,360,-40,31,-3.0,-2,5,11,-3.0,2,-2,-4,4.0,3672.0,-14,5810,1554,-0.2,0.1,0,0,0.9,0.0,0
2018-09-09 00:00:00,22,18,76,71,1019,13,280,-34,30,-3.0,-2,5,11,-3.0,2,-3,-4,4.0,3688.0,-14,5813,1557,-0.1,0.0,0,0,0.9,0.0,0
2018-09-09 01:00:00,22,17,75,69,1019,13,230,-44,30,-3.0,-2,6,11,-4.0,1,-3,-4,5.0,3699.0,-14,5813,1557,-0.2,0.1,0,0,0.0,0.0,0
2018-09-09 02:00:00,22,17,75,70,1019,12,200,-49,30,-3.0,-2,6,12,-4.0,1,-4,-4,5.0,3684.0,-14,5812,1556,-0.1,-0.2,0,2,0.0,0.0,0
2018-09-09 03:00:00,22,17,75,72,1019,12,120,-60,30,-4.0,-2,6,14,-4.0,1,-4,-4,6.0,3675.0,-14,5811,1557,-0.2,-0.2,0,3,0.0,0.0,0
2018-09-09 04:00:00,22,17,74,72,1019,12,70,-90,30,-4.0,-2,6,15,-4.0,2,-5,-5,6.0,3669.0,-14,5811,1559,0.2,-0.1,0,3,0.0,0.0,0
2018-09-09 05:00:00,22,17,74,72,1020,12,70,-66,30,-4.0,-3,5,15,-4.0,1,-4,-6,6.0,3660.0,-14,5811,1560,0.3,0.0,0,8,0.2,0.0,0
2018-09-09 06:00:00,22,17,73,71,1020,12,70,-66,30,-4.0,-3,5,11,-4.0,1,-4,-8,6.0,3658.0,-14,5811,1560,0.1,0.0,0,4,0.0,0.0,0
2018-09-09 07:00:00,23,17,70,69,1020,12,120,-51,30,-4.0,-3,5,9,-3.0,0,-4,-9,5.0,3677.0,-14,5813,1561,0.1,0.0,0,0,0.0,0.0,0
2018-09-09 08:00:00,24,17,64,69,1020,12,160,-36,30,-4.0,-3,5,8,-1.0,1,-5,-9,4.0,3682.0,-14,5819,1566,0.2,0.0,0,9,0.0,0.0,0
2018-09-09 09:00:00,25,16,61,67,1020,12,210,-14,30,-2.0,-3,5,8,0.0,1,-5,-8,3.0,3693.0,-14,5823,1569,0.4,-0.1,0,12,0.0,0.0,8
2018-09-09 10:00:00,25,17,61,68,1020,12,300,-6,30,-1.0,-4,5,9,1.0,1,-5,-8,2.0,3697.0,-14,5824,1570,0.4,0.0,0,6,0.0,0.1,16
2018-09-09 11:00:00,25,17,62,69,1020,12,290,-22,31,0.0,-4,5,10,1.0,1,-5,-8,1.0,3709.0,-14,5827,1571,0.5,0.1,0,12,0.0,0.2,25
2018-09-09 12:00:00,24,17,63,68,1020,12,310,-24,31,-1.0,-4,5,10,0.0,1,-5,-8,1.0,3743.0,-14,5832,1575,0.7,0.1,0,10,0.9,0.2,50
2018-09-09 13:00:00,25,17,63,68,1020,12,340,-9,31,-1.0,-4,6,11,0.0,1,-5,-8,1.0,3760.0,-13,5835,1576,0.9,0.0,0,13,0.0,0.2,33
2018-09-09 14:00:00,25,17,64,64,1020,12,400,-10,30,-1.0,-4,7,12,-1.0,1,-5,-8,1.0,3780.0,-13,5833,1571,0.6,0.1,0,14,0.8,0.1,33
2018-09-09 15:00:00,25,18,64,60,1019,13,600,-17,30,-1.0,-4,7,11,-1.0,2,-6,-8,2.0,3790.0,-13,5833,1569,0.6,0.1,0,12,0.0,0.1,25
2018-09-09 16:00:00,25,18,64,55,1020,13,660,-15,30,-1.0,-3,8,10,-1.0,2,-6,-8,2.0,3825.0,-13,5837,1574,0.5,-0.2,0,13,0.0,0.0,25
2018-09-09 17:00:00,25,18,66,55,1020,13,710,-13,31,-1.0,-2,6,9,-2.0,1,-8,-8,2.0,3814.0,-13,5838,1575,0.4,0.0,0,14,0.0,0.0,16
2018-09-09 18:00:00,24,18,70,52,1020,13,730,-10,30,-2.0,-2,4,8,-3.0,2,-9,-8,3.0,3803.0,-13,5836,1572,0.1,-0.2,0,0,0.0,0.0,0
2018-09-09 19:00:00,23,18,72,49,1020,13,320,-41,29,-3.0,-2,4,8,-4.0,1,-9,-8,5.0,3807.0,-13,5837,1573,0.2,-0.1,0,0,0.0,0.0,0
2018-09-09 20:00:00,23,18,71,51,1020,13,150,-75,28,-2.0,-2,4,8,-4.0,0,-10,-8,5.0,3800.0,-13,5839,1576,0.2,0.0,0,0,0.0,0.0,0
2018-09-09 21:00:00,23,17,71,53,1020,13,90,-100,27,-3.0,-2,4,8,-4.0,-2,-10,-7,5.0,3798.0,-13,5838,1576,-0.1,0.0,0,0,0.0,0.0,0
2018-09-09 22:00:00,23,17,70,54,1020,13,50,-127,26,-3.0,-2,5,8,-4.0,-2,-10,-6,5.0,3802.0,-13,5836,1574,-0.4,0.0,0,0,0.0,0.0,0
2018-09-09 23:00:00,23,17,70,53,1021,13,30,-135,25,-3.0,-2,6,8,-4.0,-2,-9,-5,6.0,3798.0,-13,5839,1577,-0.3,-0.1,0,0,0.0,0.0,0
2018-09-10 00:00:00,23,17,70,51,1021,13,10,-136,25,-3.0,-2,7,8,-5.0,-2,-8,-4,6.0,3789.0,-13,5839,1579,-0.2,-0.1,0,0,0.0,0.0,0
2018-09-10 01:00:00,22,17,70,47,1021,13,0,0,24,-3.0,-1,8,7,-4.0,-1,-7,-4,8.0,3800.0,-13,5839,1581,-0.1,0.1,0,0,0.0,0.0,0
2018-09-10 02:00:00,22,16,69,43,1021,13,0,0,23,-3.0,0,9,7,-4.0,-1,-6,-3,8.0,3805.0,-13,5837,1579,0.0,0.1,0,0,0.0,0.0,0
2018-09-10 03:00:00,22,16,68,38,1022,13,0,0,23,-3.0,0,9,7,-4.0,-1,-5,-3,5.0,3800.0,-13,5836,1580,0.0,0.1,0,0,0.0,0.0,0
2018-09-10 04:00:00,22,15,66,32,1022,12,0,0,23,-3.0,0,9,8,-4.0,-2,-6,-4,5.0,3801.0,-14,5836,1579,0.2,0.1,0,0,0.0,0.0,0
2018-09-10 05:00:00,22,15,63,27,1022,12,0,0,22,-3.0,0,9,10,-3.0,-2,-6,-4,5.0,3805.0,-14,5835,1579,0.2,0.1,0,0,0.0,0.0,0
2018-09-10 06:00:00,22,15,64,25,1022,13,0,0,21,-2.0,0,9,10,-2.0,-2,-6,-4,3.0,3803.0,-14,5833,1578,0.1,0.0,0,0,0.0,0.0,0
2018-09-10 07:00:00,23,16,64,22,1022,13,0,0,21,-2.0,0,8,11,-1.0,-3,-6,-5,3.0,3795.0,-14,5832,1577,0.2,0.0,0,0,0.0,0.0,0
2018-09-10 08:00:00,23,15,59,21,1022,13,0,0,21,-1.0,0,8,11,1.0,-3,-6,-5,1.0,3792.0,-14,5838,1583,0.4,0.0,0,0,0.0,0.0,0
2018-09-10 09:00:00,23,15,60,20,1022,13,0,0,21,1.0,0,8,10,1.0,-4,-7,-5,1.0,3784.0,-14,5840,1585,0.5,0.0,0,0,0.0,0.0,0
2018-09-10 10:00:00,24,15,58,20,1022,13,110,-82,21,1.0,0,8,7,1.0,-5,-6,-6,1.0,3773.0,-14,5840,1586,0.8,0.0,0,8,3.4,0.0,0
2018-09-10 11:00:00,24,15,58,21,1022,13,290,-34,23,-1.1,-1,8,4,2.2,-4,-7,-8,2.2,3778.0,-14,5841,1586,1.6,0.1,0,8,5.5,0.0,0
2018-09-10 12:00:00,25,16,59,22,1022,13,380,-19,24,-2.2,1,8,2,2.2,-3,-7,-11,3.4,3805.0,-14,5847,1591,1.6,0.0,0,9,0.0,0.0,0
2018-09-10 13:00:00,25,16,60,22,1022,13,460,-9,25,0.0,2,8,5,2.1,-3,-8,-13,2.1,3796.0,-14,5849,1593,1.2,-0.1,0,9,0.0,0.0,0
2018-09-10 14:00:00,25,17,61,26,1021,13,550,-4,26,1.0,2,7,9,0.0,-3,-8,-13,1.0,3780.0,-14,5845,1589,0.8,-0.1,0,7,0.0,0.0,0
2018-09-10 15:00:00,26,17,61,28,1021,13,660,-12,26,1.0,1,7,6,0.0,-1,-8,-15,1.0,3768.0,-14,5846,1588,0.3,0.0,0,6,0.0,0.0,0
2018-09-10 16:00:00,26,18,64,28,1022,14,950,-16,26,1.0,1,6,5,-1.0,-1,-9,-17,2.0,3775.0,-14,5851,1591,0.6,0.0,0,3,0.0,0.0,0
2018-09-10 17:00:00,25,19,69,29,1022,14,1240,-7,27,1.0,1,6,3,-2.0,-1,-10,-19,2.0,3780.0,-14,5854,1593,0.3,0.0,0,6,0.0,0.0,0
2018-09-10 18:00:00,25,19,74,34,1022,14,1010,-12,27,1.0,1,6,2,-4.0,-1,-12,-20,5.0,3752.0,-13,5853,1592,0.0,-0.1,0,0,0.0,0.0,0
2018-09-10 19:00:00,24,19,74,41,1022,14,560,-43,26,1.0,1,6,2,-5.0,-2,-12,-21,6.0,3735.0,-13,5856,1595,0.0,-0.1,0,0,0.1,0.0,0
2018-09-10 20:00:00,24,18,73,45,1022,14,390,-55,26,0.0,1,6,1,-5.0,-1,-13,-22,6.0,3734.0,-13,5859,1597,-0.1,-0.1,0,0,0.9,0.0,0
2018-09-10 21:00:00,24,18,70,51,1023,14,240,-50,26,-1.0,1,6,-2,-5.0,-2,-13,-25,5.0,3724.0,-13,5860,1597,0.1,-0.1,0,0,0.1,0.0,0
2018-09-10 22:00:00,24,18,66,56,1022,15,130,-62,26,-1.0,1,6,-5,-4.0,-2,-14,-27,4.0,3702.0,-12,5860,1597,0.2,-0.2,0,0,0.0,0.0,0
2018-09-10 23:00:00,24,17,64,59,1023,15,90,-64,26,-1.0,1,6,-6,-2.0,-3,-13,-28,3.0,3665.0,-12,5863,1601,0.2,-0.2,0,0,9.0,0.0,0
2018-09-11 00:00:00,24,17,63,60,1024,14,60,-66,26,-1.0,0,6,-5,-2.0,-3,-13,-28,2.0,3659.0,-12,5867,1605,0.1,-0.2,0,0,33.3,0.0,0
2018-09-11 01:00:00,24,17,63,59,1024,14,50,-88,27,0.0,0,6,-1,-2.0,-2,-14,-25,2.0,3659.0,-11,5869,1607,0.2,-0.1,0,0,33.3,0.0,0
2018-09-11 02:00:00,24,17,64,57,1024,14,50,-78,28,0.0,0,6,-1,-2.0,-3,-15,-26,2.0,3678.0,-11,5868,1605,0.2,-0.1,0,0,31.3,0.0,0
2018-09-11 03:00:00,24,17,64,52,1024,14,20,-79,30,-1.0,0,6,-2,-2.0,-3,-15,-26,2.0,3730.0,-11,5870,1605,0.3,-0.1,0,0,31.7,0.0,0
2018-09-11 04:00:00,24,17,63,46,1024,13,0,0,30,-2.0,0,5,-2,-1.0,-3,-16,-26,2.0,3780.0,-11,5874,1608,-0.1,-0.1,0,0,30.1,0.0,0
2018-09-11 05:00:00,23,16,65,40,1024,13,0,0,30,-2.0,0,3,-3,-3.0,-3,-16,-25,3.0,3833.0,-11,5878,1607,0.0,-0.1,0,0,24.9,0.0,0
2018-09-11 06:00:00,23,16,63,38,1024,13,0,0,29,-1.0,0,2,-2,-3.0,-3,-16,-23,3.0,3896.0,-10,5880,1605,0.2,-0.1,0,0,1.8,0.0,0
2018-09-11 07:00:00,24,16,61,41,1024,13,0,0,28,-1.0,0,2,-2,-1.0,-3,-16,-22,2.0,3972.0,-10,5884,1606,0.3,-0.2,0,0,1.9,0.0,0
2018-09-11 08:00:00,25,16,57,43,1025,13,0,0,27,0.0,-1,2,-1,1.0,-4,-15,-20,1.0,4044.0,-10,5895,1613,0.8,-0.2,0,0,3.1,0.0,0
2018-09-11 09:00:00,24,15,58,46,1026,14,0,0,27,1.0,-1,2,-1,2.0,-4,-14,-19,2.0,4057.0,-10,5899,1615,0.9,-0.3,0,0,0.7,0.0,0
2018-09-11 10:00:00,24,16,60,50,1025,14,0,0,28,0.0,-1,3,-1,1.0,-5,-13,-18,1.0,4053.0,-10,5901,1616,1.2,-0.3,0,0,6.6,0.0,0
2018-09-11 11:00:00,24,17,67,52,1025,14,0,0,29,-1.2,0,3,-1,2.3,-5,-12,-18,2.3,4068.0,-10,5904,1617,1.8,-0.3,0,0,13.0,0.0,0
2018-09-11 12:00:00,24,18,71,53,1025,14,0,0,31,-1.1,1,4,-1,2.2,-4,-12,-17,2.2,4112.0,-10,5912,1622,1.6,-0.3,0,3,6.5,0.0,0
2018-09-11 13:00:00,24,19,72,53,1025,14,0,0,31,-1.0,2,4,0,2.1,-3,-12,-17,2.1,4156.0,-10,5917,1623,1.2,-0.2,0,2,4.8,0.0,0
2018-09-11 14:00:00,25,19,68,53,1024,14,0,0,32,-1.0,2,4,0,1.0,-3,-12,-16,1.0,4190.0,-10,5914,1618,0.9,0.0,0,0,4.1,0.0,0
2018-09-11 15:00:00,26,18,63,52,1024,14,0,0,32,-1.0,2,4,0,0.0,-2,-12,-15,1.0,4230.0,-10,5915,1615,0.5,0.2,0,0,2.3,0.0,0
2018-09-11 16:00:00,26,18,61,50,1024,15,0,0,31,0.0,0,4,1,0.0,-2,-12,-14,0.0,4241.0,-9,5921,1617,0.0,0.0,0,0,0.1,0.0,0
2018-09-11 17:00:00,26,19,65,50,1024,15,0,0,31,1.0,0,3,1,-2.0,-2,-12,-14,2.0,4239.0,-9,5924,1617,0.3,0.0,0,0,0.0,0.0,0
2018-09-11 18:00:00,25,19,69,51,1024,16,0,0,30,1.0,0,2,2,-4.0,-2,-12,-13,5.0,4250.0,-9,5922,1614,0.2,0.2,0,0,0.0,0.0,0
2018-09-11 19:00:00,24,18,69,52,1024,16,0,0,29,1.0,0,3,2,-5.0,-3,-11,-13,6.0,4236.0,-9,5923,1615,0.1,0.0,0,0,0.0,0.0,0
2018-09-11 20:00:00,25,17,62,53,1024,16,0,0,29,0.0,0,2,2,-5.0,-2,-11,-13,6.0,4259.0,-9,5927,1618,-0.1,0.0,0,0,2.8,0.0,0
2018-09-11 21:00:00,25,16,56,52,1024,16,0,0,28,0.0,0,2,2,-4.0,-2,-11,-13,5.0,4268.0,-9,5928,1619,-0.1,0.0,0,0,19.8,0.0,0
2018-09-11 22:00:00,26,15,52,51,1024,16,0,0,27,0.0,0,2,2,-3.0,-2,-10,-13,4.0,4253.0,-9,5925,1618,0.2,-0.1,0,0,32.4,0.0,0
2018-09-11 23:00:00,26,14,48,49,1025,16,0,0,26,0.0,-1,2,1,-2.0,-2,-10,-12,2.0,4258.0,-9,5928,1621,0.4,0.0,0,0,31.1,0.0,0
2018-09-12 00:00:00,26,13,46,46,1026,16,0,0,25,0.0,-1,2,1,-2.0,-2,-9,-11,2.0,4288.0,-9,5931,1623,0.3,0.1,0,0,28.5,0.0,0
2018-09-12 01:00:00,26,13,46,45,1026,16,0,0,25,0.0,0,2,1,-1.0,-1,-8,-10,1.0,4321.0,-9,5931,1623,0.0,0.0,0,0,15.7,0.0,0
2018-09-12 02:00:00,25,13,47,47,1024,16,0,0,25,0.0,1,1,1,-1.0,-1,-8,-9,1.0,4340.0,-9,5928,1619,-0.1,0.0,0,0,14.9,0.0,0
2018-09-12 03:00:00,25,14,49,49,1024,16,0,0,25,0.0,1,1,1,-1.0,-1,-8,-8,1.0,4360.0,-9,5926,1617,-0.2,-0.1,0,0,7.1,0.0,0
2018-09-12 04:00:00,25,14,50,48,1025,16,0,0,25,0.0,2,1,1,0.0,0,-7,-7,1.0,4367.0,-9,5927,1619,-0.1,-0.1,0,0,3.4,0.0,0
2018-09-12 05:00:00,25,14,51,46,1025,16,0,0,25,0.0,2,1,0,0.0,0,-7,-5,1.0,4358.0,-9,5925,1617,-0.1,-0.1,0,0,2.8,0.0,0
2018-09-12 06:00:00,25,15,53,45,1024,16,0,0,25,0.0,2,0,1,0.0,0,-6,-4,0.0,4358.0,-9,5922,1615,-0.1,-0.1,0,0,1.7,0.0,0
2018-09-12 07:00:00,25,15,57,43,1024,16,0,0,25,-1.0,3,0,1,-1.0,0,-5,-3,1.0,4356.0,-9,5921,1612,-0.1,0.0,0,0,1.8,0.0,0
2018-09-12 08:00:00,25,16,57,42,1024,16,0,0,25,-1.0,3,0,2,0.0,-1,-4,-2,1.0,4361.0,-9,5926,1616,-0.1,0.0,0,0,0.3,0.0,0
2018-09-12 09:00:00,25,16,56,41,1024,16,0,0,25,-1.0,3,0,3,1.0,-1,-3,-1,1.0,4374.0,-9,5927,1615,0.1,0.0,0,0,0.1,0.0,0
2018-09-12 10:00:00,25,16,59,41,1024,16,0,0,26,-1.0,3,1,4,1.0,-1,-3,0,2.0,4394.0,-9,5925,1612,0.5,0.0,0,0,0.0,0.0,0
2018-09-12 11:00:00,25,16,58,41,1023,16,0,0,27,-2.0,3,1,4,2.0,-2,-2,0,2.0,4412.0,-9,5923,1609,0.7,0.0,0,3,0.0,0.0,0
2018-09-12 12:00:00,25,16,56,41,1023,16,70,-69,29,-2.0,2,2,4,2.0,-2,-2,2,2.0,4425.0,-9,5925,1611,0.9,0.0,0,7,0.0,0.0,0
2018-09-12 13:00:00,26,16,54,41,1023,16,70,-79,29,-1.0,2,2,5,1.0,-2,-1,3,2.0,4430.0,-9,5924,1609,0.8,0.0,0,7,0.0,0.0,0
2018-09-12 14:00:00,26,16,56,41,1022,16,100,-67,30,-1.0,2,3,6,1.0,-2,-1,4,1.0,4417.0,-9,5916,1600,0.3,0.0,0,7,0.0,0.0,0
2018-09-12 15:00:00,26,18,60,42,1021,16,200,-51,30,-1.0,3,4,7,1.0,-1,-1,4,1.0,4427.0,-9,5912,1595,0.2,0.0,0,0,0.0,0.0,0
2018-09-12 16:00:00,26,18,63,42,1021,16,240,-55,29,-1.0,3,4,8,1.0,-1,0,5,1.0,4412.0,-9,5911,1594,0.0,0.0,0,0,0.0,0.0,0
2018-09-12 17:00:00,26,19,66,43,1021,17,150,-90,29,-1.0,2,4,9,0.0,0,0,6,1.0,4356.0,-9,5908,1592,0.0,-0.1,0,0,0.0,0.0,0
2018-09-12 18:00:00,25,20,71,46,1020,17,20,-138,27,0.0,3,3,12,-1.0,0,1,7,1.0,4264.0,-9,5898,1586,0.1,-0.2,0,0,1.4,0.0,0
2018-09-12 19:00:00,24,19,71,42,1020,18,120,-184,26,-1.0,1,5,14,-1.0,0,1,6,1.0,4316.0,-10,5898,1583,0.2,0.1,0,0,0.0,0.0,0
2018-09-12 20:00:00,25,19,68,44,1020,17,100,-182,26,1.0,1,5,19,-1.0,0,0,-1,1.0,4279.0,-10,5895,1583,-0.2,-0.3,0,0,13.9,0.0,0
2018-09-12 21:00:00,25,18,67,44,1020,17,40,-201,26,1.0,1,5,20,-2.0,1,0,-3,2.0,4242.0,-10,5889,1581,-0.1,-0.2,0,0,21.7,0.0,0
2018-09-12 22:00:00,25,17,63,46,1020,16,0,0,26,1.0,0,5,19,-3.0,1,0,-3,3.0,4173.0,-10,5881,1578,0.1,-0.2,0,0,23.9,0.0,0
2018-09-12 23:00:00,25,16,56,46,1019,16,0,0,24,0.0,0,6,18,-3.0,1,0,-2,3.0,4165.0,-10,5880,1577,0.2,0.0,0,0,12.7,0.0,0
2018-09-13 00:00:00,26,14,51,46,1019,16,0,0,23,0.0,0,6,18,-2.0,1,0,-2,2.0,4154.0,-11,5877,1577,0.1,-0.1,0,0,2.5,0.0,0
2018-09-13 01:00:00,25,14,48,46,1019,16,0,0,23,0.0,0,6,18,-1.0,2,0,0,1.0,4152.0,-11,5873,1574,0.0,0.0,0,0,27.2,0.0,0
2018-09-13 02:00:00,25,14,48,46,1019,16,0,0,23,0.0,0,6,18,-1.0,2,0,1,1.0,4124.0,-11,5866,1569,-0.1,0.0,0,0,11.0,0.0,0
2018-09-13 03:00:00,25,14,51,47,1018,16,0,0,23,-1.0,0,6,18,-1.0,2,0,2,1.0,4092.0,-11,5860,1565,-0.1,0.0,0,0,49.4,0.0,0
2018-09-13 04:00:00,25,15,55,46,1018,16,0,0,24,-1.0,0,6,18,-1.0,2,0,1,1.0,4073.0,-11,5857,1562,-0.2,-0.1,0,0,80.0,0.0,0
2018-09-13 05:00:00,24,16,59,46,1018,16,0,0,24,-1.0,0,6,17,-1.0,2,0,0,1.0,4046.0,-11,5852,1559,-0.3,-0.2,0,0,75.0,0.0,0
2018-09-13 06:00:00,24,16,62,47,1018,16,0,0,25,-1.0,0,6,16,-1.0,3,-1,1,1.0,4013.0,-11,5846,1555,-0.2,-0.1,0,0,82.7,0.0,0
2018-09-13 07:00:00,24,17,66,46,1017,16,0,0,25,-1.0,0,5,17,-1.0,3,-1,2,2.0,3976.0,-11,5842,1551,-0.1,-0.1,0,0,77.1,0.0,0
2018-09-13 08:00:00,24,17,65,45,1018,15,0,-244,26,-1.0,1,5,19,0.0,3,0,0,1.0,3978.0,-11,5846,1557,-0.2,-0.1,0,0,82.6,0.0,0
2018-09-13 09:00:00,24,17,65,44,1018,15,10,-206,26,-2.0,1,5,18,1.0,3,0,0,2.0,3987.0,-11,5845,1557,0.0,0.0,0,0,82.7,0.0,0
2018-09-13 10:00:00,24,17,65,43,1017,15,40,-181,26,-2.0,1,4,18,1.0,2,1,-1,2.0,3991.0,-12,5841,1554,0.1,-0.1,0,6,82.7,0.0,0
2018-09-13 11:00:00,25,17,65,43,1017,15,90,-139,25,-1.0,1,4,18,1.0,2,0,-1,1.0,4027.0,-12,5838,1552,0.2,-0.1,0,0,82.3,0.0,0
2018-09-13 12:00:00,25,18,64,42,1017,15,110,-135,25,-1.0,1,4,17,1.0,2,1,-1,2.0,4048.0,-12,5841,1555,0.4,-0.1,0,1,77.2,0.0,0
2018-09-13 13:00:00,25,17,63,42,1017,15,80,-137,25,-2.0,1,4,17,1.0,2,1,-1,2.0,4061.0,-12,5841,1554,0.3,0.0,0,0,72.5,0.0,0
2018-09-13 14:00:00,25,17,61,41,1016,15,70,-167,25,-1.0,1,5,17,1.0,1,0,-2,2.0,4041.0,-12,5832,1544,0.2,0.0,0,0,73.7,0.0,0
2018-09-13 15:00:00,25,17,60,39,1015,15,80,-139,25,-1.0,1,6,16,1.0,1,0,-2,1.0,4040.0,-12,5827,1540,0.2,0.0,0,0,47.7,0.0,0
2018-09-13 16:00:00,25,17,60,38,1016,15,160,-69,26,-1.0,1,6,15,0.0,1,0,-3,1.0,4023.0,-12,5828,1542,-0.2,-0.1,0,5,10.2,0.0,0
2018-09-13 17:00:00,25,17,62,37,1016,15,260,-55,26,-1.0,1,6,12,0.0,1,-1,-4,1.0,4016.0,-13,5827,1541,0.1,0.0,0,4,11.2,0.0,0
2018-09-13 18:00:00,25,17,63,34,1015,15,260,-103,25,0.0,0,5,9,0.0,1,-1,-4,1.0,4017.0,-13,5821,1534,0.0,0.0,0,0,6.1,0.0,0
2018-09-13 19:00:00,25,18,66,31,1015,16,300,-100,24,0.0,1,4,8,-1.0,2,-1,-3,1.0,4016.0,-13,5818,1531,0.0,0.0,0,0,0.8,0.0,0
2018-09-13 20:00:00,24,18,67,30,1015,16,290,-99,23,0.0,1,4,6,-2.0,2,-2,-3,2.0,4020.0,-13,5820,1533,0.1,0.0,0,0,0.0,0.0,0
2018-09-13 21:00:00,24,18,67,29,1015,15,230,-100,22,0.0,1,3,5,-1.0,2,-2,-3,1.0,4028.0,-12,5816,1531,0.0,-0.1,0,0,0.0,0.0,0
2018-09-13 22:00:00,24,18,68,28,1014,15,210,-97,22,0.0,1,3,4,-1.0,2,-2,-3,1.0,4045.0,-12,5811,1525,0.0,0.1,0,0,0.0,0.0,0
2018-09-13 23:00:00,24,18,68,28,1014,15,210,-97,22,0.0,2,2,4,-1.0,2,-2,-2,1.0,4066.0,-12,5811,1526,-0.1,0.0,0,0,0.0,0.0,0
2018-09-14 00:00:00,24,18,69,28,1014,15,190,-101,22,0.0,2,2,4,-1.0,1,-1,-2,1.0,4063.0,-12,5811,1526,-0.1,-0.1,0,0,0.0,0.0,0
2018-09-14 01:00:00,24,17,69,29,1014,14,150,-117,23,0.0,3,2,4,-1.0,1,-1,-2,1.0,4038.0,-12,5808,1524,-0.3,-0.1,0,0,0.0,0.0,0
2018-09-14 02:00:00,23,17,70,30,1014,14,130,-115,24,0.0,3,2,5,0.0,0,0,-3,1.0,4016.0,-12,5805,1521,-0.3,-0.1,0,0,0.0,0.0,0
2018-09-14 03:00:00,23,18,72,31,1014,14,110,-113,25,0.0,3,2,5,-1.0,0,0,-5,1.0,3998.0,-12,5805,1521,-0.3,-0.1,0,0,0.0,0.0,0
2018-09-14 04:00:00,23,18,72,31,1014,14,110,-114,25,0.0,3,3,5,-1.0,0,1,-5,1.0,3979.0,-12,5804,1521,-0.2,-0.1,0,0,0.0,0.0,0
2018-09-14 05:00:00,23,17,73,34,1014,14,110,-117,26,0.0,3,4,5,-1.0,0,1,-4,1.0,3940.0,-12,5801,1520,0.0,-0.2,0,0,0.0,0.0,0
2018-09-14 06:00:00,23,18,73,40,1014,14,120,-111,27,-1.0,3,5,6,0.0,-1,1,-3,1.0,3903.0,-13,5798,1520,0.1,-0.2,0,0,0.0,0.0,0
2018-09-14 07:00:00,23,18,75,53,1014,14,170,-81,30,-1.0,3,5,7,1.0,-2,1,-3,1.0,3858.0,-13,5797,1521,0.0,-0.2,0,0,0.0,0.0,0
2018-09-14 08:00:00,22,18,78,69,1015,14,150,-81,33,-1.0,3,5,8,2.0,-2,1,-3,2.0,3835.0,-12,5803,1527,0.0,-0.1,0,0,0.0,0.0,0
2018-09-14 09:00:00,22,18,79,74,1015,14,330,-10,35,-1.0,3,7,9,2.0,-1,1,-4,3.0,3853.0,-12,5805,1528,0.2,0.2,0,0,0.0,0.0,8
2018-09-14 10:00:00,22,18,77,71,1015,14,470,-4,35,-2.0,4,8,10,2.0,-1,1,-4,3.0,3867.0,-12,5807,1529,0.1,-0.1,0,9,3.1,0.1,16
2018-09-14 11:00:00,23,18,71,71,1015,13,500,-6,35,-1.0,5,8,11,0.0,-1,0,-3,1.0,3879.0,-12,5808,1530,-0.3,0.2,0,15,5.3,0.2,33
2018-09-14 12:00:00,24,18,69,67,1015,14,460,-3,35,0.0,5,9,11,0.0,0,0,-3,0.0,3879.0,-12,5813,1534,0.0,0.0,0,11,8.1,0.1,41
2018-09-14 13:00:00,24,18,69,68,1016,14,470,-11,36,0.0,5,10,12,0.0,1,0,-2,0.0,3863.0,-12,5815,1535,0.0,-0.5,0,12,3.5,0.1,25
2018-09-14 14:00:00,24,19,70,73,1015,14,600,-25,36,0.0,5,11,13,-1.0,1,0,-1,1.0,3825.0,-12,5810,1530,0.0,-0.5,0,9,9.2,0.1,16
2018-09-14 15:00:00,25,19,70,79,1015,14,730,-20,36,0.0,5,12,14,0.0,0,0,-1,1.0,3803.0,-12,5809,1530,0.0,-0.4,0,0,13.8,0.1,25
2018-09-14 16:00:00,25,19,72,82,1015,14,900,-15,36,0.0,5,12,15,-1.0,-1,0,-2,1.0,3788.0,-12,5811,1534,0.0,-0.4,0,0,14.5,0.1,16
2018-09-14 17:00:00,25,20,75,85,1015,14,1100,-10,36,0.0,4,12,15,-2.0,-2,0,-3,2.0,3753.0,-12,5811,1536,0.2,-0.4,0,0,0.3,0.0,8
2018-09-14 18:00:00,24,20,76,89,1015,14,1190,-9,36,0.0,4,12,16,-2.0,-2,-1,-4,2.0,3706.0,-12,5807,1535,0.0,-0.4,0,9,0.3,0.0,0
2018-09-14 19:00:00,24,20,77,93,1016,14,1040,-15,37,1.0,3,11,16,-2.0,-3,-2,-4,2.0,3671.0,-12,5807,1538,-0.1,-0.4,0,10,1.0,0.0,0
2018-09-14 20:00:00,24,19,74,93,1016,14,860,-19,37,0.0,2,10,16,-1.0,-3,-3,-3,1.0,3683.0,-12,5810,1541,-0.2,-0.1,0,6,7.1,0.1,25
2018-09-14 21:00:00,24,19,75,90,1017,13,760,-11,36,-1.0,1,9,17,0.0,-2,-4,-4,1.0,3705.0,-12,5811,1541,-1.3,-1.1,0,12,17.0,0.5,50
2018-09-14 22:00:00,22,19,79,88,1017,13,530,-9,36,-2.0,1,9,18,-1.0,-2,-4,-5,6.0,3697.0,-12,5809,1540,-0.2,-0.2,0,14,6.5,0.4,50
2018-09-14 23:00:00,22,18,78,91,1017,13,470,-8,35,-3.0,0,9,19,-2.0,-1,-4,-6,7.0,3718.0,-12,5811,1543,-0.4,-0.2,0,14,2.6,0.2,33
2018-09-15 00:00:00,22,18,77,86,1018,13,370,-10,35,-3.0,-1,8,20,-3.0,-1,-4,-8,8.0,3737.0,-12,5812,1545,-0.3,-0.2,0,16,3.2,0.1,16
2018-09-15 01:00:00,22,17,77,83,1018,13,230,-9,34,-3.0,-2,8,20,-3.0,0,-3,-9,8.0,3725.0,-12,5812,1546,-0.6,-0.2,0,11,4.7,0.0,0
2018-09-15 02:00:00,21,17,78,85,1017,13,140,-8,34,-4.0,-1,8,20,-4.0,1,-1,-11,9.0,3703.0,-12,5808,1543,-0.6,-0.2,0,13,9.4,0.0,0
2018-09-15 03:00:00,21,17,78,87,1017,12,90,-4,34,-4.0,-1,9,19,-4.0,1,0,-11,10.0,3691.0,-12,5808,1543,-0.5,-0.2,0,10,9.6,0.0,0
2018-09-15 04:00:00,21,17,77,89,1018,13,70,-6,34,-4.0,-1,10,19,-4.0,1,-1,-11,10.0,3677.0,-12,5809,1544,-0.3,-0.2,0,12,5.5,0.0,0
2018-09-15 05:00:00,21,17,77,92,1018,12,70,-5,34,-4.0,-1,11,18,-4.0,1,-2,-9,9.0,3634.0,-12,5808,1545,-0.4,-0.1,0,14,6.2,0.0,0
2018-09-15 06:00:00,21,17,75,93,1018,12,70,-2,34,-4.0,-1,10,19,-4.0,1,-3,-8,9.0,3612.0,-12,5805,1545,-0.3,0.0,0,17,6.1,0.0,0
2018-09-15 07:00:00,22,17,73,93,1018,12,70,-2,34,-5.0,-1,10,19,-3.0,1,-4,-7,8.0,3616.0,-13,5806,1546,-0.8,-0.1,0,21,12.2,0.0,0
2018-09-15 08:00:00,23,17,69,95,1019,12,50,-3,34,-6.0,-2,10,19,-3.0,0,-4,-7,8.0,3613.0,-13,5813,1555,-1.0,-0.1,0,19,15.0,0.0,0
2018-09-15 09:00:00,23,17,65,97,1019,12,20,-4,34,-5.0,-2,11,20,-2.0,0,-3,-7,8.0,3602.0,-13,5816,1559,-1.3,0.0,0,23,18.9,0.0,0
2018-09-15 10:00:00,24,16,62,95,1019,12,0,0,34,-5.0,-2,11,20,-2.0,0,-3,-7,7.0,3638.0,-13,5817,1560,-1.1,0.1,0,19,28.4,0.0,8
2018-09-15 11:00:00,25,16,59,97,1019,11,10,-8,35,-3.0,-4,10,21,-1.0,0,-3,-6,4.0,3596.0,-13,5817,1564,-1.4,-0.4,0,33,55.5,0.0,8
2018-09-15 12:00:00,23,17,68,97,1020,12,20,-39,36,0.0,-4,11,22,-5.0,0,-3,-7,6.0,3553.0,-13,5824,1569,-0.2,0.5,0,33,66.1,0.3,50
2018-09-15 13:00:00,23,17,69,85,1020,13,0,-67,33,-4.0,-2,9,22,-4.0,1,-4,-7,6.0,3641.0,-13,5830,1568,1.0,0.4,0,26,57.0,0.3,66
2018-09-15 14:00:00,25,16,60,81,1019,13,0,0,30,-3.0,-3,11,22,-1.0,1,-5,-7,4.0,3740.0,-13,5826,1565,0.1,0.2,0,0,0.0,0.0,0
2018-09-15 15:00:00,25,15,54,73,1019,13,0,0,28,-1.0,-3,11,21,0.0,1,-5,-7,1.0,3758.0,-13,5827,1565,0.8,0.2,0,0,0.0,0.0,0
2018-09-15 16:00:00,25,16,55,66,1020,13,0,0,27,0.0,-3,10,20,0.0,0,-6,-7,0.0,3771.0,-13,5833,1570,0.4,0.1,0,0,0.0,0.0,0
2018-09-15 17:00:00,25,17,62,66,1020,13,0,0,27,0.0,-2,9,19,-2.0,-1,-7,-8,2.0,3758.0,-13,5835,1573,0.0,0.0,0,0,0.0,0.0,0
2018-09-15 18:00:00,24,17,66,64,1020,13,0,0,25,-2.0,-3,6,18,-3.0,-2,-7,-8,5.0,3744.0,-12,5834,1573,-0.2,0.1,0,0,0.0,0.0,0
2018-09-15 19:00:00,23,16,66,57,1021,13,0,0,23,-2.0,-3,5,17,-4.0,-2,-7,-8,7.0,3766.0,-12,5837,1576,-0.8,0.1,0,0,0.0,0.0,0
2018-09-15 20:00:00,23,16,65,55,1021,13,0,0,23,-3.0,-3,4,15,-4.0,-1,-7,-8,7.0,3764.0,-12,5842,1580,-0.9,0.0,0,0,0.0,0.0,0
2018-09-15 21:00:00,23,16,65,54,1021,13,0,0,23,-3.0,-3,3,12,-4.0,0,-7,-9,8.0,3761.0,-12,5842,1581,-0.8,-0.1,0,0,0.0,0.0,0
2018-09-15 22:00:00,23,16,66,52,1022,13,0,0,23,-3.0,-3,3,9,-3.0,1,-7,-8,8.0,3761.0,-13,5842,1581,-0.6,0.0,0,0,0.0,0.0,0
2018-09-15 23:00:00,22,16,66,50,1022,13,0,0,23,-4.0,-3,3,7,-3.0,2,-7,-8,8.0,3792.0,-13,5845,1584,-0.3,0.0,0,0,0.0,0.0,0
2018-09-16 00:00:00,22,16,67,47,1023,12,0,0,23,-4.0,-2,3,6,-4.0,3,-6,-8,9.0,3831.0,-13,5849,1587,-0.5,0.0,0,0,0.0,0.0,0
2018-09-16 01:00:00,22,16,69,46,1023,12,0,0,23,-5.0,-2,3,3,-5.0,3,-6,-8,11.0,3837.0,-13,5850,1589,-0.1,-0.1,0,0,0.0,0.0,0
2018-09-16 02:00:00,21,15,66,46,1023,12,0,0,22,-5.0,-2,3,0,-4.0,2,-6,-7,11.0,3825.0,-13,5847,1585,-0.4,-0.1,0,0,0.0,0.0,0
2018-09-16 03:00:00,21,14,66,45,1023,12,0,0,22,-5.0,-2,3,-3,-5.0,2,-5,-6,11.0,3843.0,-12,5847,1584,-0.4,0.0,0,0,0.0,0.0,0
2018-09-16 04:00:00,21,14,66,43,1023,12,0,0,22,-5.0,-1,3,-4,-5.0,2,-5,-6,10.0,3889.0,-12,5850,1586,-0.2,0.0,0,0,0.0,0.0,0
2018-09-16 05:00:00,20,14,66,41,1023,12,0,0,21,-5.0,-1,3,-5,-5.0,1,-4,-5,10.0,3920.0,-12,5850,1585,-0.2,0.1,0,0,0.0,0.0,0
2018-09-16 06:00:00,21,14,66,40,1023,12,0,0,21,-4.0,-1,3,-5,-4.0,1,-4,-5,9.0,3951.0,-12,5849,1583,-0.2,0.0,0,0,0.0,0.0,0
2018-09-16 07:00:00,22,15,63,40,1023,12,0,0,21,-4.0,0,3,-5,-3.0,0,-3,-4,6.0,3958.0,-12,5849,1583,-0.1,0.0,0,0,0.0,0.0,0
2018-09-16 08:00:00,23,14,56,41,1024,12,0,0,21,-3.0,0,3,-4,-1.0,-1,-3,-3,3.0,3968.0,-12,5857,1591,0.1,-0.1,0,0,0.0,0.0,0
2018-09-16 09:00:00,23,14,54,42,1024,12,0,0,22,-1.0,-1,3,-4,0.0,-1,-3,-2,2.0,3955.0,-12,5859,1593,0.6,0.0,0,0,0.0,0.0,0
2018-09-16 10:00:00,23,14,55,44,1023,12,0,0,22,1.0,-1,3,-3,1.0,-1,-3,-1,1.0,3956.0,-12,5858,1591,0.8,0.0,0,0,0.0,0.0,0
2018-09-16 11:00:00,24,14,55,44,1023,12,0,0,23,1.0,-2,4,-2,1.0,-1,-2,1,2.0,3987.0,-12,5860,1592,1.0,0.0,0,9,0.0,0.0,0
2018-09-16 12:00:00,24,14,54,41,1023,12,0,0,23,0.0,-2,4,-1,1.0,-1,-1,2,1.0,4014.0,-12,5866,1597,0.6,0.0,0,13,2.4,0.0,0
2018-09-16 13:00:00,24,14,54,37,1023,13,0,0,23,0.0,-2,4,-1,1.0,0,-1,3,1.0,4019.0,-12,5868,1598,0.5,-0.1,0,13,3.2,0.0,0
2018-09-16 14:00:00,25,15,53,34,1022,13,0,0,22,-1.0,-1,4,-1,1.0,0,0,3,1.0,4028.0,-12,5863,1592,0.5,0.0,0,12,0.0,0.0,0
2018-09-16 15:00:00,25,15,52,33,1022,13,0,0,21,-1.0,-1,5,0,0.0,1,0,4,1.0,4035.0,-12,5863,1590,0.2,0.0,0,10,0.0,0.0,0
2018-09-16 16:00:00,25,15,52,32,1022,13,0,0,20,-1.0,0,5,0,-1.0,2,0,5,1.0,4042.0,-12,5868,1593,0.0,0.0,0,3,0.0,0.0,0
2018-09-16 17:00:00,25,15,55,31,1022,13,0,0,20,-1.0,1,5,-1,-1.0,2,0,6,2.0,4049.0,-12,5868,1593,-0.1,0.0,0,0,0.0,0.0,0
2018-09-16 18:00:00,25,15,56,30,1022,13,0,0,21,-1.0,1,5,0,-1.0,2,0,6,2.0,4045.0,-12,5866,1590,-0.2,0.0,0,0,0.0,0.0,0
2018-09-16 19:00:00,24,15,57,28,1022,13,0,0,21,-1.0,2,5,0,-1.0,2,0,7,1.0,4040.0,-12,5867,1591,-0.4,0.0,0,0,0.0,0.0,0
2018-09-16 20:00:00,24,16,61,27,1023,13,0,0,21,-1.0,3,4,1,0.0,2,0,8,1.0,4030.0,-12,5868,1592,-0.1,-0.1,0,0,0.0,0.0,0
2018-09-16 21:00:00,23,16,63,27,1023,13,0,0,21,-1.0,3,4,1,-1.0,1,0,8,1.0,4037.0,-12,5866,1591,0.0,0.0,0,0,0.0,0.0,0
2018-09-16 22:00:00,23,16,63,27,1022,13,0,0,21,0.0,3,3,3,-1.0,1,1,8,1.0,4040.0,-12,5862,1588,0.1,0.0,0,0,0.0,0.0,0
2018-09-16 23:00:00,23,16,63,26,1023,13,0,0,21,0.0,2,3,4,-1.0,0,1,6,1.0,4050.0,-12,5864,1591,0.2,0.0,0,0,0.0,0.0,0
2018-09-17 00:00:00,23,16,62,27,1023,13,0,0,21,-1.0,1,4,6,-1.0,0,1,4,1.0,4042.0,-12,5864,1591,0.1,0.0,0,0,0.0,0.0,0
2018-09-17 01:00:00,23,16,62,29,1023,13,0,0,21,-1.0,1,4,7,-1.0,1,1,2,1.0,4023.0,-13,5862,1591,0.1,-0.1,0,0,0.0,0.0,0
2018-09-17 02:00:00,23,16,63,29,1023,13,0,0,21,-1.0,1,4,7,0.0,1,1,-1,1.0,4004.0,-13,5859,1590,0.0,-0.1,0,0,0.0,0.0,0
2018-09-17 03:00:00,23,16,63,26,1023,13,0,0,21,-1.0,2,5,7,-1.0,1,0,-4,1.0,4002.0,-13,5859,1590,0.0,0.0,0,0,0.0,0.0,0
2018-09-17 04:00:00,23,16,63,22,1023,13,0,0,20,-1.0,2,6,7,-1.0,1,0,-7,1.0,4008.0,-13,5858,1590,-0.1,0.0,0,0,0.0,0.0,0
2018-09-17 05:00:00,23,16,63,18,1023,13,0,0,20,-1.0,2,7,6,-1.0,1,0,-8,1.0,4005.0,-13,5857,1589,-0.1,0.0,0,0,0.0,0.0,0
2018-09-17 06:00:00,23,16,64,15,1023,13,0,0,20,-1.0,2,7,6,0.0,1,-1,-7,1.0,4001.0,-13,5856,1588,-0.1,0.0,0,0,0.0,0.0,0
2018-09-17 07:00:00,23,16,67,14,1023,13,0,0,20,-1.0,2,8,6,1.0,1,-2,-7,1.0,4013.0,-13,5857,1588,-0.1,0.0,0,0,0.0,0.0,0
2018-09-17 08:00:00,23,17,70,14,1023,13,0,0,20,-1.0,2,7,6,1.0,1,-3,-6,2.0,4025.0,-13,5860,1590,0.0,-0.1,0,0,0.0,0.0,0
2018-09-17 09:00:00,22,17,70,14,1023,13,0,0,20,-1.0,2,5,7,1.0,1,-3,-6,2.0,4027.0,-13,5860,1591,0.1,-0.1,0,0,0.0,0.0,0
2018-09-17 10:00:00,23,16,65,15,1023,13,0,0,21,-1.0,2,4,6,1.0,0,-3,-5,2.0,4025.0,-12,5861,1591,0.6,0.0,0,2,0.0,0.0,0
2018-09-17 11:00:00,23,16,61,16,1023,13,0,0,21,-2.0,2,4,6,1.0,-1,-3,-5,2.0,4029.0,-12,5863,1592,0.9,0.0,0,5,0.0,0.0,0
2018-09-17 12:00:00,24,16,60,17,1022,13,0,0,22,-2.0,2,4,6,1.0,-1,-3,-5,2.0,4050.0,-12,5866,1593,1.1,0.0,0,6,0.0,0.0,0
2018-09-17 13:00:00,24,16,59,21,1022,14,0,0,21,-2.0,1,4,6,1.0,0,-2,-5,2.0,4066.0,-12,5868,1593,1.1,0.0,0,5,0.0,0.0,0
2018-09-17 14:00:00,24,16,59,26,1022,14,0,0,21,-1.0,0,3,6,1.0,0,-2,-5,1.0,4052.0,-12,5864,1588,0.7,-0.1,0,6,0.0,0.0,0
2018-09-17 15:00:00,25,16,58,30,1021,14,0,0,21,-1.0,-1,3,6,0.0,1,-1,-6,1.0,4062.0,-12,5862,1584,0.3,0.0,0,6,0.0,0.0,0
2018-09-17 16:00:00,25,16,58,32,1021,14,0,0,21,-1.0,-1,3,7,0.0,1,-1,-6,1.0,4079.0,-12,5862,1585,0.1,0.0,0,6,0.0,0.0,0
2018-09-17 17:00:00,25,16,59,34,1021,14,0,0,21,0.0,0,3,7,-1.0,2,0,-6,1.0,4063.0,-12,5863,1585,0.0,0.0,0,4,0.0,0.0,0
2018-09-17 18:00:00,24,17,62,35,1021,14,30,-139,21,0.0,0,4,7,0.0,2,0,-7,0.0,4077.0,-12,5859,1580,0.0,0.0,0,0,0.0,0.0,0
2018-09-17 19:00:00,24,17,64,35,1021,14,0,0,21,0.0,0,4,7,-1.0,3,1,-7,1.0,4090.0,-12,5858,1579,0.0,0.0,0,0,0.9,0.0,0
2018-09-17 20:00:00,24,17,65,34,1021,14,0,0,21,0.0,1,4,6,-1.0,3,1,-7,1.0,4120.0,-12,5860,1581,-0.1,0.0,0,0,17.5,0.0,0
2018-09-17 21:00:00,24,17,64,32,1021,14,0,0,21,0.0,2,4,6,-2.0,3,1,-7,2.0,4104.0,-12,5860,1582,0.1,0.0,0,0,22.9,0.0,0
2018-09-17 22:00:00,24,16,62,32,1021,14,0,0,21,0.0,1,4,5,-2.0,2,1,-6,2.0,4085.0,-12,5857,1579,0.1,0.0,0,0,18.0,0.0,0
2018-09-17 23:00:00,24,16,61,32,1021,14,0,0,21,0.0,1,4,6,-2.0,2,1,-5,2.0,4098.0,-12,5857,1579,0.0,0.0,0,0,6.9,0.0,0
2018-09-18 00:00:00,24,16,59,30,1021,14,0,0,21,0.0,1,3,6,-2.0,2,1,-5,2.0,4103.0,-12,5859,1580,0.0,0.0,0,0,2.5,0.0,0
2018-09-18 01:00:00,24,15,58,31,1021,14,0,0,21,0.0,1,3,6,-1.0,2,1,-5,1.0,4074.0,-12,5858,1580,0.0,-0.1,0,0,0.0,0.0,0
2018-09-18 02:00:00,24,15,58,31,1021,14,0,0,22,-1.0,0,3,6,-1.0,2,2,-6,1.0,4060.0,-13,5854,1577,0.0,0.0,0,0,0.0,0.0,0
2018-09-18 03:00:00,24,15,58,32,1021,14,0,0,22,-1.0,0,2,6,-1.0,3,2,-6,1.0,4054.0,-13,5852,1575,-0.1,0.0,0,0,0.0,0.0,0
2018-09-18 04:00:00,24,15,59,32,1021,14,0,0,23,-1.0,0,2,5,-1.0,3,2,-6,1.0,4032.0,-12,5853,1578,-0.2,-0.1,0,0,0.0,0.0,0
2018-09-18 05:00:00,23,15,62,34,1021,13,0,0,24,-1.0,0,2,5,-1.0,3,3,-6,1.0,3983.0,-12,5851,1578,-0.1,-0.2,0,0,0.0,0.0,0
2018-09-18 06:00:00,23,16,64,37,1021,13,0,0,25,-1.0,1,2,5,0.0,3,2,-5,1.0,3946.0,-12,5848,1577,-0.1,-0.1,0,0,0.0,0.0,0
2018-09-18 07:00:00,23,16,67,39,1021,13,0,0,26,-2.0,1,3,5,0.0,3,2,-5,1.0,3922.0,-12,5848,1577,0.0,0.0,0,0,0.7,0.0,0
2018-09-18 08:00:00,23,17,69,42,1022,13,0,0,26,-1.0,2,3,6,1.0,3,1,-5,1.0,3901.0,-12,5853,1582,0.0,0.0,0,0,18.5,0.0,0
2018-09-18 09:00:00,23,17,69,45,1022,13,0,0,26,-1.0,3,3,6,1.0,2,1,-5,1.0,3893.0,-12,5853,1582,0.0,0.0,0,0,18.4,0.0,0
2018-09-18 10:00:00,23,16,66,49,1021,13,0,0,27,-1.0,3,3,7,1.0,1,1,-5,2.0,3904.0,-12,5854,1581,0.3,0.1,0,0,1.2,0.0,0
2018-09-18 11:00:00,24,16,62,57,1021,14,0,0,27,-2.0,2,2,8,1.0,0,1,-6,2.0,3898.0,-12,5855,1581,0.5,0.0,0,0,2.8,0.0,0
2018-09-18 12:00:00,24,16,59,66,1021,14,0,0,28,-1.0,2,3,8,1.0,0,1,-8,2.0,3916.0,-12,5860,1584,0.5,-0.1,0,4,7.9,0.0,0
2018-09-18 13:00:00,25,15,57,71,1021,14,0,0,30,-1.0,3,4,8,1.0,-1,2,-8,2.0,3924.0,-12,5862,1585,0.6,0.0,0,11,5.2,0.0,0
2018-09-18 14:00:00,25,16,58,71,1021,13,30,-45,32,0.0,3,4,8,1.0,-1,2,-7,1.0,3942.0,-12,5858,1581,-0.1,0.0,0,9,21.3,0.0,0
2018-09-18 15:00:00,25,17,63,72,1021,13,140,-23,33,0.0,2,3,9,1.0,0,2,-7,1.0,3959.0,-12,5857,1579,-0.2,0.1,0,12,27.8,0.0,0
2018-09-18 16:00:00,25,18,65,67,1021,14,280,-24,33,-1.0,3,3,9,1.0,1,2,-6,1.0,3996.0,-12,5858,1579,-0.4,0.0,0,10,34.5,0.0,8
2018-09-18 17:00:00,25,18,68,68,1021,14,480,-10,34,-1.0,3,4,7,0.0,2,3,-6,1.0,3980.0,-12,5859,1579,-0.1,-0.1,0,3,42.5,0.0,0
2018-09-18 18:00:00,24,18,68,72,1020,14,470,-28,33,-1.0,3,3,7,0.0,2,3,-4,1.0,3921.0,-12,5855,1577,0.0,-0.2,0,0,61.1,0.0,0
2018-09-18 19:00:00,24,18,71,71,1021,14,510,-23,33,0.0,3,3,6,1.0,1,4,-2,1.0,3890.0,-12,5854,1577,0.0,-0.1,0,0,72.3,0.0,0
2018-09-18 20:00:00,23,19,76,69,1021,14,470,-39,32,0.0,4,3,4,0.0,1,4,-2,0.0,3876.0,-12,5854,1578,0.1,-0.1,0,0,70.8,0.0,0
2018-09-18 21:00:00,23,19,77,70,1021,14,480,-36,35,0.0,5,3,3,0.0,2,4,-2,0.0,3867.0,-12,5852,1578,0.0,0.0,0,0,55.0,0.0,0
2018-09-18 22:00:00,23,19,78,79,1021,14,470,-37,38,0.0,4,3,2,0.0,2,4,-2,0.0,3835.0,-12,5850,1576,-0.1,0.0,0,0,40.9,0.0,0
2018-09-18 23:00:00,23,19,78,88,1021,13,450,-31,38,0.0,4,4,1,0.0,2,2,-1,1.0,3849.0,-12,5852,1578,-0.1,0.0,0,0,24.1,0.0,0
2018-09-19 00:00:00,23,19,77,85,1021,13,420,-31,38,0.0,5,4,0,-1.0,2,1,-1,1.0,3914.0,-12,5853,1580,-0.2,0.0,0,0,43.2,0.0,0
2018-09-19 01:00:00,23,18,76,77,1021,13,360,-28,36,0.0,5,3,0,-1.0,2,2,-1,1.0,3967.0,-12,5853,1580,-0.3,0.0,0,0,33.2,0.0,0
2018-09-19 02:00:00,23,18,77,77,1021,12,320,-28,36,0.0,5,3,0,-1.0,2,2,0,1.0,3965.0,-12,5851,1577,-0.3,0.0,0,3,16.2,0.0,0
2018-09-19 03:00:00,23,18,77,78,1021,12,270,-25,36,0.0,6,3,0,0.0,2,2,0,0.0,3941.0,-12,5850,1576,-0.5,-0.1,0,0,4.7,0.0,0
2018-09-19 04:00:00,22,18,77,78,1021,12,210,-21,36,0.0,6,3,0,0.0,2,2,-1,0.0,3918.0,-12,5850,1576,-0.5,-0.1,0,0,2.7,0.0,0
2018-09-19 05:00:00,22,18,79,79,1021,12,190,-18,36,0.0,6,3,0,0.0,0,2,-1,0.0,3895.0,-12,5848,1575,-0.3,-0.1,0,0,10.3,0.0,0
2018-09-19 06:00:00,22,18,80,80,1021,12,210,-13,36,0.0,5,3,0,0.0,-1,1,-1,0.0,3882.0,-12,5847,1574,-0.2,-0.1,0,0,13.0,0.0,0
2018-09-19 07:00:00,22,19,81,81,1021,13,250,-11,35,0.0,4,3,0,0.0,-2,1,-3,0.0,3865.0,-12,5847,1574,-0.1,0.0,0,0,3.1,0.0,0
2018-09-19 08:00:00,22,19,80,81,1022,13,200,-25,35,-1.0,4,3,1,1.0,-3,0,-4,1.0,3841.0,-12,5850,1578,0.1,0.0,0,3,0.0,0.0,0
2018-09-19 09:00:00,22,18,80,80,1022,13,80,-54,35,-1.0,3,4,1,1.0,-3,0,-6,2.0,3811.0,-12,5851,1579,0.5,-0.2,0,10,0.0,0.0,0
2018-09-19 10:00:00,22,18,78,79,1021,13,170,-33,35,-1.0,3,3,1,2.0,-4,-1,-6,2.0,3796.0,-12,5852,1580,0.6,-0.2,0,14,0.0,0.0,0
2018-09-19 11:00:00,23,18,75,77,1021,13,330,-22,36,-1.0,3,3,1,1.0,-3,-2,-7,1.0,3804.0,-12,5854,1580,0.6,-0.1,0,14,0.0,0.0,8
2018-09-19 12:00:00,23,18,74,74,1021,14,450,-13,36,-2.0,4,3,1,1.0,-3,-2,-7,2.0,3841.0,-12,5857,1581,0.4,-0.1,0,10,0.0,0.0,16
2018-09-19 13:00:00,24,18,73,74,1021,14,590,-7,36,-1.0,4,3,1,1.0,-2,-3,-7,2.0,3847.0,-12,5858,1581,0.1,0.0,0,9,1.6,0.1,33
2018-09-19 14:00:00,24,18,71,72,1020,14,580,-7,36,-1.0,4,3,2,0.0,-2,-3,-8,1.0,3878.0,-12,5856,1578,-0.1,-0.1,0,9,6.9,0.1,25
2018-09-19 15:00:00,24,19,71,72,1020,14,610,-7,37,0.0,3,3,2,0.0,-1,-4,-8,0.0,3895.0,-12,5856,1576,0.0,0.0,0,7,12.6,0.1,16
2018-09-19 16:00:00,24,19,72,69,1020,14,590,-25,37,0.0,3,2,1,0.0,-1,-4,-8,0.0,3933.0,-12,5857,1577,-0.2,0.2,0,6,10.6,0.0,0
2018-09-19 17:00:00,24,19,74,67,1020,14,690,-13,37,0.0,2,1,1,0.0,-1,-5,-9,0.0,3924.0,-12,5857,1576,-0.1,-0.1,0,0,4.3,0.0,8
2018-09-19 18:00:00,24,20,77,68,1020,14,810,-8,36,0.0,2,1,2,-1.0,-1,-5,-9,1.0,3897.0,-12,5856,1575,0.0,0.0,0,0,7.3,0.0,8
2018-09-19 19:00:00,24,20,78,68,1020,14,770,-12,36,0.0,2,1,2,-1.0,-1,-5,-10,2.0,3898.0,-12,5857,1576,0.2,0.0,0,0,18.2,0.0,0
2018-09-19 20:00:00,24,19,75,68,1020,14,520,-30,35,0.0,1,1,2,-2.0,-1,-5,-10,2.0,3898.0,-12,5856,1575,0.1,0.0,0,0,20.8,0.0,0
2018-09-19 21:00:00,24,18,72,68,1020,14,330,-57,35,0.0,1,1,1,-1.0,-1,-5,-10,1.0,3905.0,-12,5854,1573,0.0,0.0,0,0,13.6,0.0,0
2018-09-19 22:00:00,24,18,71,69,1020,14,200,-81,34,1.0,1,0,1,-1.0,-1,-4,-9,1.0,3900.0,-12,5853,1573,0.0,-0.1,0,0,1.8,0.0,0
2018-09-19 23:00:00,23,18,70,69,1020,14,100,-103,34,1.0,1,0,1,-1.0,-1,-4,-9,2.0,3893.0,-12,5854,1575,0.0,-0.1,0,0,0.0,0.0,0
2018-09-20 00:00:00,23,17,69,69,1020,14,40,-101,33,1.0,1,0,2,-2.0,-1,-4,-9,2.0,3875.0,-12,5852,1574,0.1,-0.1,0,0,0.9,0.0,0
2018-09-20 01:00:00,23,18,70,68,1020,14,80,-86,33,0.0,1,0,2,-3.0,-2,-5,-10,3.0,3868.0,-12,5852,1574,0.1,0.0,0,0,5.8,0.0,0
2018-09-20 02:00:00,23,18,70,66,1020,14,130,-88,32,-1.0,0,0,2,-3.0,-2,-5,-10,3.0,3868.0,-12,5850,1573,0.1,0.0,0,0,3.8,0.0,0
2018-09-20 03:00:00,23,18,70,63,1020,14,120,-96,32,-1.0,0,-1,3,-2.0,-2,-5,-10,2.0,3851.0,-12,5849,1572,0.2,0.0,0,0,0.0,0.0,0
2018-09-20 04:00:00,23,17,69,62,1020,14,70,-95,31,-1.0,-1,-1,3,-2.0,-3,-5,-9,3.0,3841.0,-12,5847,1570,0.2,0.0,0,0,0.0,0.0,0
2018-09-20 05:00:00,23,17,69,60,1020,14,20,-118,31,-2.0,-2,-1,4,-2.0,-3,-5,-9,3.0,3840.0,-12,5846,1569,0.1,0.0,0,0,0.0,0.0,0
2018-09-20 06:00:00,23,17,70,58,1020,14,20,-123,31,-2.0,-2,-2,4,-1.0,-2,-5,-8,2.0,3856.0,-12,5845,1568,0.1,0.0,0,0,0.0,0.0,0
2018-09-20 07:00:00,24,18,71,53,1020,14,160,-70,30,-1.0,-3,-2,5,-1.0,-2,-4,-7,2.0,3889.0,-12,5844,1567,0.1,0.0,0,0,4.8,0.0,0
2018-09-20 08:00:00,24,18,70,47,1020,14,300,-42,30,-1.0,-3,-2,6,1.0,-2,-4,-7,1.0,3926.0,-12,5849,1571,0.4,-0.2,0,9,17.5,0.0,0
2018-09-20 09:00:00,24,18,69,42,1020,14,270,-44,29,1.0,-4,-2,6,1.0,-1,-3,-6,1.0,3951.0,-12,5850,1572,0.8,-0.2,0,11,34.0,0.0,0
2018-09-20 10:00:00,24,18,69,36,1020,14,420,-14,29,0.0,-4,-2,5,1.0,-1,-3,-6,1.0,3958.0,-12,5850,1572,1.1,-0.2,0,13,65.7,0.0,8
2018-09-20 11:00:00,25,18,65,31,1019,13,550,-8,30,0.0,-4,-2,4,0.0,0,-3,-5,0.0,3984.0,-12,5850,1571,0.8,0.1,0,12,74.4,0.0,0
2018-09-20 12:00:00,25,18,65,27,1019,14,660,-23,30,0.0,-4,-2,3,1.0,0,-2,-5,1.0,3992.0,-12,5853,1574,1.2,0.0,0,13,75.2,0.0,0
2018-09-20 13:00:00,26,18,64,28,1019,14,740,-23,30,0.0,-4,-1,3,1.0,0,-2,-5,1.0,4019.0,-12,5855,1574,0.7,0.0,0,13,71.9,0.0,0
2018-09-20 14:00:00,26,18,63,29,1018,14,750,-8,30,-1.1,-4,-1,3,1.1,0,-2,-5,1.1,4041.0,-12,5849,1567,1.5,-0.1,0,12,45.4,0.0,0
2018-09-20 15:00:00,26,18,62,32,1018,14,820,-7,30,0.0,-4,0,2,-1.0,0,-2,-5,1.0,4064.0,-12,5845,1563,0.2,0.0,0,8,12.6,0.1,16
2018-09-20 16:00:00,26,19,63,34,1018,14,930,-17,30,0.0,-4,0,2,-1.0,1,-2,-6,2.0,4053.0,-12,5847,1564,-0.4,0.0,0,0,0.8,0.0,16
2018-09-20 17:00:00,26,19,66,34,1018,14,760,-23,29,-1.0,-3,0,2,-2.0,1,-2,-7,4.0,4076.0,-12,5847,1564,-0.3,0.0,0,0,0.0,0.0,16
2018-09-20 18:00:00,25,18,67,33,1017,14,200,-64,26,-2.0,-3,1,1,-3.0,1,-3,-7,6.0,4074.0,-12,5841,1559,-0.5,-0.1,0,0,0.0,0.0,0
2018-09-20 19:00:00,24,17,65,31,1017,14,0,-233,23,-2.0,-2,1,0,-4.0,1,-3,-8,5.0,4070.0,-12,5839,1558,-0.3,-0.1,0,0,0.0,0.0,0
2018-09-20 20:00:00,24,16,61,30,1018,14,0,0,22,-2.0,-2,1,0,-4.0,1,-3,-8,5.0,4074.0,-12,5841,1560,-0.3,0.0,0,0,0.0,0.0,0
2018-09-20 21:00:00,24,16,60,29,1018,14,0,0,21,-2.0,-2,1,0,-4.0,1,-3,-8,5.0,4076.0,-12,5840,1559,-0.2,0.0,0,0,0.0,0.0,0
2018-09-20 22:00:00,24,16,59,29,1017,14,0,0,21,-3.0,-2,1,0,-4.0,1,-3,-8,5.0,4085.0,-12,5835,1555,-0.2,0.0,0,0,0.0,0.0,0
2018-09-20 23:00:00,24,16,58,29,1018,14,0,0,21,-3.0,-2,2,0,-4.0,0,-3,-8,5.0,4106.0,-12,5836,1555,-0.2,0.0,0,0,0.0,0.0,0
2018-09-21 00:00:00,24,16,58,28,1018,14,0,0,21,-3.0,-2,2,0,-4.0,0,-3,-8,5.0,4098.0,-12,5836,1556,0.3,0.0,0,0,0.0,0.0,0
2018-09-21 01:00:00,24,15,58,27,1018,14,0,0,20,-3.0,-2,2,0,-3.0,1,-3,-7,5.0,4068.0,-12,5834,1555,0.4,0.0,0,0,0.0,0.0,0
2018-09-21 02:00:00,24,15,58,26,1017,14,0,0,20,-3.0,-2,2,0,-3.0,1,-3,-7,5.0,4046.0,-13,5828,1549,0.2,0.0,0,0,0.0,0.0,0
2018-09-21 03:00:00,24,15,59,26,1017,14,0,0,20,-3.0,-2,1,0,-3.0,2,-3,-7,5.0,4033.0,-13,5825,1547,0.2,0.0,0,0,0.0,0.0,0
2018-09-21 04:00:00,24,15,59,27,1017,14,0,0,20,-3.0,-2,1,1,-3.0,2,-2,-7,4.0,4030.0,-12,5825,1547,0.1,0.0,0,0,0.0,0.0,0
2018-09-21 05:00:00,24,15,59,30,1017,14,0,0,21,-3.0,-2,1,1,-3.0,2,-2,-7,4.0,4037.0,-12,5823,1545,0.0,0.0,0,0,0.0,0.0,0
2018-09-21 06:00:00,24,15,59,32,1017,14,0,0,21,-2.0,-1,2,2,-2.0,2,-1,-7,3.0,4043.0,-12,5820,1542,-0.1,0.0,0,0,0.0,0.0,0
2018-09-21 07:00:00,24,16,62,32,1016,14,0,0,22,-1.0,0,2,1,-2.0,2,-1,-7,2.0,4044.0,-12,5818,1540,-0.2,0.1,0,0,0.0,0.0,0
2018-09-21 08:00:00,25,13,50,30,1017,14,0,0,22,-1.0,1,3,2,0.0,2,-1,-6,1.0,4042.0,-12,5823,1545,-0.1,0.0,0,0,0.0,0.0,0
2018-09-21 09:00:00,24,14,51,30,1017,14,0,0,22,-1.0,2,4,3,0.0,2,-1,-6,1.0,4031.0,-12,5822,1545,0.0,0.0,0,0,0.0,0.0,0
2018-09-21 10:00:00,25,14,52,29,1016,14,0,0,22,-1.0,3,4,4,0.0,2,-1,-6,1.0,4031.0,-12,5821,1543,0.0,0.0,0,0,0.0,0.0,0
2018-09-21 11:00:00,25,14,51,30,1016,14,0,0,23,-1.0,3,5,5,0.0,1,-1,-6,1.0,4033.0,-12,5820,1542,0.4,0.0,0,3,0.0,0.0,0
2018-09-21 12:00:00,25,14,51,34,1016,14,0,0,24,-2.0,4,5,6,1.0,1,-1,-6,2.0,4046.0,-12,5823,1544,0.6,0.0,0,7,0.0,0.0,0
2018-09-21 13:00:00,25,15,52,39,1016,14,0,0,25,-2.0,4,5,7,1.0,1,-1,-6,2.0,4058.0,-12,5823,1543,0.0,0.0,0,8,0.0,0.0,0
2018-09-21 14:00:00,25,15,53,37,1015,13,0,0,26,-1.0,4,6,7,1.0,2,-1,-7,2.0,4049.0,-12,5819,1537,-0.1,0.0,0,8,0.0,0.0,0
2018-09-21 15:00:00,25,16,55,33,1015,14,130,-35,27,-1.0,4,6,7,0.0,3,0,-8,1.0,4054.0,-12,5818,1534,-0.5,0.0,0,10,0.0,0.0,0
2018-09-21 16:00:00,25,16,59,31,1015,13,160,-17,27,-1.0,5,7,7,0.0,4,-1,-9,1.0,4053.0,-12,5820,1535,-1.2,0.0,0,9,0.0,0.0,0
2018-09-21 17:00:00,25,17,64,41,1015,13,110,-35,28,-1.0,4,7,7,1.0,4,-1,-9,2.0,4021.0,-11,5820,1534,-1.3,0.0,0,4,0.0,0.0,0
2018-09-21 18:00:00,24,18,70,53,1015,13,300,-26,29,-1.0,4,7,9,1.0,5,-2,-9,2.0,4015.0,-11,5818,1532,-1.0,0.0,0,0,3.3,0.0,0
2018-09-21 19:00:00,24,18,74,60,1016,13,280,-24,29,-2.0,4,8,10,0.0,5,-3,-9,2.0,4005.0,-11,5818,1533,-1.0,0.0,0,0,20.0,0.0,0
2018-09-21 20:00:00,23,19,77,61,1016,13,210,-27,30,-2.0,5,8,10,1.0,5,-2,-10,2.0,4026.0,-12,5818,1534,-1.0,0.1,0,0,19.2,0.0,0
2018-09-21 21:00:00,22,19,82,60,1016,13,240,-25,31,-2.0,6,9,9,2.0,4,-1,-11,3.0,4040.0,-12,5816,1530,-0.9,0.0,0,0,11.7,0.0,0
2018-09-21 22:00:00,21,19,88,61,1016,13,340,-5,32,-2.0,7,10,10,2.0,3,-1,-10,3.0,4013.0,-12,5813,1528,-0.7,0.0,0,11,13.4,0.0,0
2018-09-21 23:00:00,20,19,91,61,1016,13,390,-6,32,-2.0,8,11,13,1.0,2,-1,-8,2.0,3991.0,-12,5815,1530,-0.6,0.0,0,13,21.2,0.0,0
2018-09-22 00:00:00,20,19,92,65,1016,13,350,-20,35,-2.0,8,12,16,0.0,2,-1,-6,2.0,3918.0,-12,5814,1531,-0.5,0.0,0,14,42.2,0.0,0
2018-09-22 01:00:00,20,19,93,68,1016,13,450,-9,38,-2.0,8,13,18,0.0,1,1,-5,2.0,3862.0,-12,5812,1533,-0.6,-0.3,0,18,65.8,0.2,41
2018-09-22 02:00:00,20,19,95,59,1016,13,570,-1,37,-2.0,7,14,20,0.0,2,2,-5,2.0,3862.0,-13,5807,1532,-0.7,0.1,0,19,79.9,0.6,66
2018-09-22 03:00:00,20,19,95,64,1016,13,540,0,37,-2.0,7,15,20,0.0,1,1,-6,3.0,3893.0,-13,5805,1532,-0.2,0.2,0,17,83.3,0.9,83
2018-09-22 04:00:00,20,19,95,64,1016,13,570,-3,38,-2.0,5,16,18,0.0,-1,-1,-9,2.0,3858.0,-12,5805,1533,-0.1,-0.2,0,12,88.3,0.7,58
2018-09-22 05:00:00,20,19,94,72,1017,13,500,0,38,-3.0,4,16,19,1.0,-1,-2,-12,3.0,3734.0,-12,5804,1536,-0.6,-0.5,0,14,80.8,0.7,58
2018-09-22 06:00:00,20,19,93,77,1017,13,440,-4,38,-2.0,3,16,17,0.0,-1,-3,-12,2.0,3675.0,-12,5803,1537,0.3,-0.1,0,12,75.3,0.7,66
2018-09-22 07:00:00,20,19,92,78,1017,13,450,-3,38,-3.0,0,16,19,1.0,0,-4,-15,3.0,3676.0,-12,5805,1539,0.1,-1.2,0,36,73.0,0.8,83
2018-09-22 08:00:00,19,16,83,82,1019,12,160,0,37,-6.0,0,18,20,-2.0,4,-5,-19,12.0,3682.0,-11,5810,1543,-2.8,-0.4,0,29,91.8,2.0,100
2018-09-22 09:00:00,18,14,78,82,1019,12,100,0,36,-7.0,1,18,19,-6.0,5,-6,-21,18.0,3736.0,-11,5812,1544,-0.5,-0.6,0,23,80.6,0.7,91
2018-09-22 10:00:00,18,13,74,85,1019,12,90,0,34,-9.0,1,20,19,-7.0,6,-7,-22,16.0,3671.0,-11,5812,1545,0.0,-0.7,0,19,49.3,0.1,33
2018-09-22 11:00:00,20,15,72,84,1019,11,60,-2,33,-10.0,2,21,19,-6.0,6,-8,-23,14.0,3657.0,-10,5813,1546,-0.7,-0.9,0,17,39.7,0.1,16
2018-09-22 12:00:00,20,15,73,74,1020,11,10,-1,33,-10.0,3,22,19,-4.0,5,-10,-23,13.0,3759.0,-10,5820,1549,-1.0,-0.7,0,16,37.9,0.0,8
2018-09-22 13:00:00,19,12,67,64,1020,11,0,0,31,-10.0,5,21,19,-5.0,4,-10,-23,13.0,3783.0,-10,5825,1551,-0.4,-1.0,0,11,41.3,0.0,0
2018-09-22 14:00:00,19,12,65,55,1020,11,0,0,30,-9.0,5,21,19,-5.0,3,-10,-23,12.0,3808.0,-9,5823,1547,-0.2,-0.7,0,10,45.0,0.0,0
2018-09-22 15:00:00,19,12,64,47,1020,11,0,0,29,-8.0,5,21,19,-5.0,1,-8,-23,11.0,3863.0,-9,5825,1546,-0.1,-0.6,0,7,49.5,0.0,0
2018-09-22 16:00:00,18,11,65,46,1020,11,0,0,29,-6.0,5,21,18,-4.0,0,-8,-24,10.0,3939.0,-9,5830,1550,-0.2,-0.3,0,7,45.2,0.0,0
2018-09-22 17:00:00,17,11,65,49,1021,11,0,0,29,-5.0,4,20,18,-4.0,-1,-10,-23,10.0,4023.0,-9,5835,1551,-0.2,-0.2,0,5,39.7,0.0,0
2018-09-22 18:00:00,17,10,64,52,1020,11,0,0,29,-4.0,4,20,17,-4.0,-2,-11,-22,9.0,4071.0,-8,5835,1550,0.0,-0.2,0,10,34.9,0.0,0
2018-09-22 19:00:00,18,11,63,56,1021,10,0,0,30,-4.0,5,19,17,-4.0,-2,-11,-20,5.0,4055.0,-8,5838,1552,0.0,-0.2,0,10,33.9,0.0,0
2018-09-22 20:00:00,17,10,63,61,1021,11,0,0,31,-3.0,6,19,18,-3.0,-2,-12,-18,4.0,4089.0,-9,5843,1554,-0.2,-0.2,0,6,33.3,0.0,0
2018-09-22 21:00:00,17,10,63,68,1021,11,0,0,32,-2.0,7,19,18,-3.0,-3,-13,-16,4.0,4112.0,-9,5845,1556,-0.2,-0.3,0,0,34.5,0.0,0
2018-09-22 22:00:00,18,11,61,73,1021,11,0,0,34,-2.0,7,19,18,-2.0,-3,-12,-14,3.0,4104.0,-8,5845,1554,-0.1,-0.2,0,0,36.3,0.0,0
2018-09-22 23:00:00,20,12,61,76,1021,11,0,0,34,-1.0,8,18,19,-1.0,-3,-12,-13,2.0,4140.0,-8,5850,1557,0.0,-0.2,0,0,33.2,0.0,0
2018-09-23 00:00:00,19,12,63,76,1021,12,0,0,34,-1.0,8,18,19,-1.0,-4,-12,-13,1.0,4185.0,-9,5854,1559,0.0,-0.2,0,0,33.0,0.0,0
2018-09-23 01:00:00,19,13,65,76,1021,12,0,0,35,0.0,9,17,19,-1.0,-3,-11,-12,1.0,4155.0,-9,5856,1561,0.0,-0.4,0,0,30.7,0.0,0
2018-09-23 02:00:00,19,13,68,76,1021,12,0,0,35,0.0,9,17,18,-1.0,-4,-10,-12,1.0,4142.0,-9,5854,1558,0.0,-0.3,0,0,3.7,0.0,0
2018-09-23 03:00:00,19,14,70,76,1020,13,0,0,34,0.0,10,18,17,-1.0,-3,-11,-11,1.0,4147.0,-9,5856,1557,-0.1,-0.4,0,0,0.3,0.0,0
2018-09-23 04:00:00,19,14,71,77,1020,13,0,0,35,0.0,10,18,19,0.0,-2,-13,-11,0.0,4175.0,-9,5858,1556,-0.2,-0.4,0,0,0.0,0.0,0
2018-09-23 05:00:00,19,14,73,78,1020,13,0,0,35,0.0,10,17,19,1.0,-1,-12,-10,1.0,4144.0,-9,5857,1556,-0.4,-0.4,0,0,0.0,0.0,0
2018-09-23 06:00:00,19,15,75,77,1020,13,0,0,36,0.0,10,16,19,1.0,0,-11,-9,1.0,4145.0,-9,5856,1552,-0.7,-0.1,0,2,0.0,0.0,0
2018-09-23 07:00:00,19,15,77,76,1020,13,0,0,36,-1.0,11,15,20,2.0,1,-9,-7,1.0,4177.0,-9,5856,1550,-0.8,0.0,0,5,0.0,0.0,0
2018-09-23 08:00:00,19,15,78,76,1021,13,0,0,36,-1.0,12,15,20,1.0,1,-7,-5,2.0,4199.0,-9,5865,1559,-0.8,-0.2,0,7,0.0,0.0,8
2018-09-23 09:00:00,19,15,79,77,1021,13,0,0,36,-2.0,11,15,21,1.0,1,-5,-3,2.0,4195.0,-9,5869,1562,-0.6,-0.2,0,10,0.0,0.0,0
2018-09-23 10:00:00,19,16,82,77,1020,13,0,-3,37,-2.0,12,16,21,1.0,0,-3,-2,3.0,4203.0,-9,5869,1561,-0.4,-0.5,0,12,0.0,0.0,0
2018-09-23 11:00:00,20,17,83,74,1020,13,0,-4,38,-2.0,12,16,21,1.0,0,-1,-1,2.0,4223.0,-9,5869,1558,-1.0,-0.3,0,14,0.7,0.0,8
2018-09-23 12:00:00,20,17,86,71,1020,13,10,0,39,-2.0,12,17,21,0.0,2,0,-1,2.0,4251.0,-9,5874,1561,-1.2,-0.4,0,14,25.4,0.0,8
2018-09-23 13:00:00,20,18,87,68,1019,14,0,0,39,-2.0,12,17,21,0.0,2,1,-2,2.0,4256.0,-9,5874,1559,-1.0,-0.7,0,14,27.3,0.1,50
2018-09-23 14:00:00,21,18,88,67,1018,14,0,-3,39,-2.0,12,18,21,0.0,3,2,-3,2.0,4260.0,-9,5866,1549,-0.9,-0.8,0,14,13.5,0.1,41
2018-09-23 15:00:00,21,19,90,66,1017,14,10,-5,38,-3.0,12,17,22,1.0,4,1,-3,3.0,4302.0,-9,5861,1541,-1.2,-0.9,0,14,17.2,0.1,41
2018-09-23 16:00:00,21,20,92,64,1017,14,90,-50,36,-2.0,12,17,22,2.0,6,1,-3,3.0,4380.0,-9,5860,1539,-1.3,-0.7,0,14,28.9,0.1,33
2018-09-23 17:00:00,21,20,94,66,1016,14,210,-1,36,-1.0,13,18,24,3.0,6,1,-2,4.0,4419.0,-8,5855,1535,-1.9,-0.1,0,14,31.5,0.1,33
2018-09-23 18:00:00,21,20,97,69,1016,14,320,0,37,0.0,13,18,25,3.0,5,2,-2,3.0,4357.0,-8,5845,1530,-2.1,-0.2,0,17,63.6,0.1,33
2018-09-23 19:00:00,21,20,99,69,1015,14,390,0,38,0.0,13,20,26,4.0,7,3,-2,4.0,4306.0,-8,5838,1524,-2.7,-1.1,0,21,70.4,0.2,66
2018-09-23 20:00:00,21,20,100,68,1014,14,410,0,37,-1.0,13,22,27,4.0,9,3,-1,4.0,4287.0,-8,5831,1520,-2.7,-1.4,0,24,70.9,0.6,75
2018-09-23 21:00:00,22,21,100,64,1014,13,400,0,35,-1.0,10,23,28,3.0,12,3,0,3.0,4274.0,-8,5823,1513,-3.5,-0.9,0,21,60.1,0.4,75
2018-09-23 22:00:00,21,21,100,62,1012,13,260,0,37,-3.0,11,25,30,3.0,10,4,2,5.0,4239.0,-9,5813,1502,-3.6,-1.8,0,27,74.7,0.8,100
2018-09-23 23:00:00,21,21,100,64,1012,13,300,0,38,-3.0,12,25,32,4.0,6,2,3,5.0,4171.0,-10,5808,1500,-3.0,-2.2,0,29,60.0,1.3,100
2018-09-24 00:00:00,20,20,99,71,1012,14,500,0,39,-3.0,12,25,35,5.0,5,2,5,7.0,4071.0,-10,5802,1498,-2.2,-2.1,0,25,50.3,1.2,91
2018-09-24 01:00:00,21,20,96,75,1012,14,550,-1,38,-2.0,11,28,36,4.0,5,1,5,7.0,4001.0,-10,5796,1498,-2.2,-1.9,0,21,38.4,0.4,75
2018-09-24 02:00:00,22,20,94,84,1012,13,580,-2,39,-2.0,12,28,36,2.0,3,1,4,6.0,3892.0,-10,5786,1495,-2.3,-2.5,0,19,39.6,0.9,75
2018-09-24 03:00:00,21,20,94,92,1012,13,630,-4,40,-2.0,12,28,38,1.0,0,1,3,6.0,3801.0,-11,5780,1495,-2.2,-2.2,0,20,54.1,1.8,83
2018-09-24 04:00:00,21,20,94,100,1012,13,690,-5,41,-3.0,11,27,39,1.0,-2,1,4,5.0,3746.0,-11,5774,1496,-1.9,-2.4,0,32,92.7,3.0,100
2018-09-24 05:00:00,22,20,91,98,1013,13,670,-3,34,-2.0,1,30,41,-1.0,-10,5,3,9.0,3751.0,-12,5770,1500,0.9,-1.1,0,36,85.4,3.4,100
2018-09-24 06:00:00,19,13,70,95,1014,13,0,0,24,-2.0,4,32,44,-3.0,-7,3,-1,16.0,3613.0,-13,5758,1503,-1.7,-1.4,0,25,34.1,0.8,100
2018-09-24 07:00:00,17,11,69,90,1016,11,0,0,20,-2.0,3,33,46,-4.0,-10,-2,-4,16.0,3450.0,-13,5744,1506,-4.2,0.3,0,13,52.4,0.2,75
2018-09-24 08:00:00,17,10,63,72,1017,11,0,0,14,-8.0,3,28,41,-9.0,-11,-5,-9,21.0,3288.0,-13,5747,1515,-1.9,-0.9,0,0,6.8,0.0,0
2018-09-24 09:00:00,17,9,58,52,1018,11,0,0,11,-11.0,3,28,40,-12.0,-10,-8,-12,22.0,3099.0,-13,5746,1520,-0.8,-0.7,0,6,0.0,0.0,0
2018-09-24 10:00:00,17,9,59,37,1018,10,0,0,10,-12.0,2,28,39,-10.0,-10,-12,-16,21.0,2992.0,-13,5745,1524,-2.1,-0.2,0,6,0.0,0.0,0
2018-09-24 11:00:00,19,9,54,34,1020,9,0,0,10,-11.0,0,28,37,-10.0,-10,-16,-20,20.0,2824.0,-12,5744,1532,-3.2,-0.2,0,0,0.0,0.0,0
2018-09-24 12:00:00,19,8,48,23,1022,7,0,0,10,-7.0,-6,29,37,-9.0,-14,-19,-24,15.0,2565.0,-12,5747,1550,-3.6,-1.2,0,0,0.0,0.0,0
2018-09-24 13:00:00,19,6,43,21,1024,5,0,0,9,-5.0,-7,29,37,-8.0,-14,-19,-27,12.0,2425.0,-12,5749,1560,-2.0,-1.3,0,0,0.0,0.0,0
2018-09-24 14:00:00,19,6,41,21,1024,5,0,0,9,-4.0,-6,28,37,-7.0,-13,-19,-28,11.0,2357.0,-12,5747,1560,-1.4,-0.9,0,0,2.1,0.0,0
2018-09-24 15:00:00,19,5,42,20,1024,5,0,0,10,-3.0,-6,28,37,-6.0,-13,-19,-28,10.0,2324.0,-12,5749,1561,-1.1,-0.8,0,0,0.0,0.0,0
2018-09-24 16:00:00,18,6,46,16,1025,4,0,0,9,0.0,-6,28,37,-4.0,-13,-18,-29,10.0,2288.0,-12,5755,1566,-1.7,-1.0,0,0,0.0,0.0,0
2018-09-24 17:00:00,16,5,49,14,1027,4,0,0,8,3.0,-8,27,37,-4.0,-14,-17,-29,11.0,2313.0,-12,5757,1571,-1.2,-1.2,0,0,0.0,0.0,0
2018-09-24 18:00:00,15,5,50,13,1028,4,0,0,8,4.0,-9,27,37,-5.0,-13,-17,-27,12.0,2314.0,-12,5754,1571,-1.5,-1.1,0,0,0.0,0.0,0
2018-09-24 19:00:00,15,5,50,13,1029,4,0,0,8,4.0,-9,26,38,-5.0,-13,-18,-25,12.0,2301.0,-12,5755,1575,-1.6,-1.3,0,0,0.0,0.0,0
2018-09-24 20:00:00,14,4,50,14,1029,4,0,0,7,4.0,-9,26,38,-5.0,-13,-18,-24,12.0,2301.0,-13,5758,1580,-1.8,-1.4,0,0,0.0,0.0,0
2018-09-24 21:00:00,14,4,51,15,1030,4,0,0,7,4.0,-10,24,38,-4.0,-13,-19,-23,13.0,2310.0,-13,5758,1583,-2.2,-1.6,0,0,0.0,0.0,0
2018-09-24 22:00:00,14,4,52,18,1030,4,0,0,7,4.0,-10,23,39,-3.0,-12,-21,-21,13.0,2275.0,-13,5755,1584,-2.9,-1.5,0,0,0.0,0.0,0
2018-09-24 23:00:00,14,4,53,20,1031,4,0,0,8,4.0,-10,21,39,-4.0,-11,-22,-19,13.0,2220.0,-14,5756,1589,-2.8,-1.2,0,0,0.0,0.0,0
2018-09-25 00:00:00,13,4,54,21,1031,4,0,0,8,3.0,-9,19,39,-4.0,-10,-24,-18,14.0,2170.0,-14,5757,1593,-2.6,-1.2,0,0,0.0,0.0,0
2018-09-25 01:00:00,12,3,54,23,1032,4,0,0,7,3.0,-7,19,39,-4.0,-9,-25,-17,15.0,2141.0,-15,5757,1597,-2.4,-1.3,0,0,0.0,0.0,0
2018-09-25 02:00:00,12,3,54,24,1032,4,0,0,8,2.0,-6,18,39,-4.0,-10,-26,-17,15.0,2120.0,-15,5755,1597,-2.5,-1.3,0,0,0.0,0.0,0
2018-09-25 03:00:00,12,3,55,26,1032,4,0,0,8,2.0,-6,17,38,-4.0,-10,-28,-17,14.0,2114.0,-15,5755,1597,-2.8,-1.4,0,0,0.1,0.0,0
2018-09-25 04:00:00,12,3,56,28,1032,4,0,0,8,3.0,-6,16,38,-4.0,-11,-28,-18,14.0,2124.0,-15,5756,1600,-3.0,-1.5,0,0,0.0,0.0,0
2018-09-25 05:00:00,11,3,57,29,1033,4,0,0,8,3.0,-7,16,37,-3.0,-12,-28,-19,13.0,2127.0,-15,5755,1601,-3.4,-1.5,0,0,0.0,0.0,0
2018-09-25 06:00:00,12,4,57,28,1033,3,0,0,8,3.0,-7,17,36,-1.0,-14,-28,-20,12.0,2134.0,-15,5755,1600,-3.2,-1.4,0,0,0.0,0.0,0
2018-09-25 07:00:00,13,4,52,26,1033,3,0,0,8,0.0,-6,17,35,-2.0,-16,-27,-21,10.0,2130.0,-15,5755,1600,-4.0,-1.4,0,0,0.0,0.0,0
2018-09-25 08:00:00,14,3,48,23,1034,2,0,0,8,-3.0,-6,17,34,-4.0,-15,-26,-22,11.0,2075.0,-15,5763,1609,-4.4,-1.2,0,0,0.0,0.0,0
2018-09-25 09:00:00,15,3,46,20,1034,2,0,0,8,-3.0,-6,17,34,-4.0,-15,-25,-22,9.0,2050.0,-15,5766,1612,-3.6,-1.0,0,0,0.0,0.0,0
2018-09-25 10:00:00,15,3,45,18,1034,1,0,0,8,-4.0,-6,17,33,-4.0,-13,-24,-22,9.0,1860.0,-15,5768,1613,-2.5,-0.6,0,0,0.0,0.0,0
2018-09-25 11:00:00,16,3,42,17,1034,1,0,0,9,-4.0,-6,16,32,-4.0,-11,-24,-22,8.0,1720.0,-15,5770,1616,-1.6,-0.3,0,0,0.0,0.0,0
2018-09-25 12:00:00,16,3,42,16,1034,1,0,0,9,-4.0,-5,16,31,-4.0,-9,-24,-23,8.0,1714.0,-15,5776,1622,-1.1,-0.1,0,0,0.0,0.0,0
2018-09-25 13:00:00,16,3,41,16,1035,1,0,0,9,-5.0,-5,16,30,-4.0,-8,-23,-24,8.0,1737.0,-16,5779,1624,-1.0,0.0,0,0,0.0,0.0,0
2018-09-25 14:00:00,16,3,41,16,1034,1,0,0,9,-5.0,-5,16,29,-4.0,-8,-22,-26,8.0,1741.0,-16,5776,1620,-0.6,-0.1,0,0,0.0,0.0,0
2018-09-25 15:00:00,16,3,42,16,1034,1,0,0,10,-4.0,-5,15,28,-4.0,-9,-21,-27,8.0,1750.0,-16,5776,1622,-0.4,-0.1,0,0,0.0,0.0,0
2018-09-25 16:00:00,16,3,44,16,1035,1,0,0,9,-3.0,-6,14,27,-2.0,-10,-21,-28,7.0,1795.0,-16,5780,1627,-0.3,0.0,0,0,0.0,0.0,0
2018-09-25 17:00:00,15,4,48,15,1036,1,0,0,9,0.0,-7,13,24,-1.0,-11,-21,-29,7.0,1854.0,-17,5780,1630,-0.8,-0.2,0,0,0.0,0.0,0
2018-09-25 18:00:00,14,4,50,16,1036,1,0,0,9,1.0,-7,11,21,-2.0,-11,-22,-31,8.0,1900.0,-17,5777,1630,-1.2,-0.1,0,0,0.0,0.0,0
2018-09-25 19:00:00,13,4,52,15,1037,1,0,0,8,1.0,-7,9,17,-3.0,-11,-23,-32,8.0,1928.0,-17,5778,1633,-1.8,-0.2,0,0,0.0,0.0,0
2018-09-25 20:00:00,13,3,52,14,1038,1,0,0,8,2.0,-7,8,13,-3.0,-10,-25,-33,9.0,1977.0,-18,5779,1637,-1.7,-0.3,0,0,0.0,0.0,0
2018-09-25 21:00:00,12,3,52,11,1038,2,0,0,7,2.0,-6,6,7,-3.0,-9,-27,-34,10.0,2018.0,-18,5778,1637,-1.6,-0.3,0,0,0.0,0.0,0
2018-09-25 22:00:00,12,3,53,9,1038,2,0,0,7,3.0,-7,4,2,-3.0,-8,-29,-36,11.0,2041.0,-18,5777,1636,-2.0,-0.2,0,0,0.0,0.0,0
2018-09-25 23:00:00,12,3,55,8,1039,2,0,0,6,3.0,-8,1,-3,-3.0,-8,-30,-39,11.0,2054.0,-18,5781,1639,-2.0,0.0,0,0,0.0,0.0,0
2018-09-26 00:00:00,10,2,55,6,1039,2,0,0,6,3.0,-8,-3,-10,-3.0,-6,-30,-43,11.0,2036.0,-18,5786,1642,-2.2,0.4,0,0,0.0,0.0,0
2018-09-26 01:00:00,10,2,56,6,1039,2,0,0,6,2.0,-7,-5,-15,-4.0,-5,-29,-45,12.0,2024.0,-17,5791,1644,-2.6,0.8,0,0,0.0,0.0,0
2018-09-26 02:00:00,10,1,56,5,1039,2,0,0,6,1.0,-6,-8,-16,-3.0,-4,-27,-45,12.0,2014.0,-17,5795,1644,-3.4,1.3,0,0,0.0,0.0,0
2018-09-26 03:00:00,10,2,58,5,1040,2,0,0,7,2.0,-5,-7,-15,-2.0,-4,-25,-43,10.0,1996.0,-16,5803,1644,-3.8,1.3,0,0,0.0,0.0,0
2018-09-26 04:00:00,10,2,60,5,1040,2,0,0,7,2.0,-5,-6,-14,-1.0,-4,-23,-41,9.0,2007.0,-16,5810,1645,-3.2,1.0,0,0,0.0,0.0,0
2018-09-26 05:00:00,10,3,63,5,1040,2,0,0,7,2.0,-4,-5,-14,-1.0,-3,-23,-40,9.0,2045.0,-16,5816,1645,-2.5,0.4,0,0,0.0,0.0,0
2018-09-26 06:00:00,10,3,64,5,1040,2,0,0,7,1.0,-2,-5,-15,1.0,-2,-22,-37,8.0,2089.0,-16,5821,1646,-1.9,-0.1,0,0,0.0,0.0,0
2018-09-26 07:00:00,10,3,61,6,1040,2,0,0,7,-1.0,-2,-4,-15,1.0,-2,-22,-35,7.0,2149.0,-16,5827,1650,-1.3,-0.2,0,0,0.0,0.0,0
2018-09-26 08:00:00,13,4,54,7,1040,2,0,0,7,-3.0,-3,-3,-15,0.0,-2,-20,-33,6.0,3048.0,-16,5837,1656,-1.4,-0.3,0,0,0.0,0.0,0
2018-09-26 09:00:00,14,3,48,7,1040,2,0,0,7,-4.0,-3,-3,-17,0.0,-2,-19,-33,6.0,3160.0,-16,5841,1658,-1.2,-0.3,0,0,0.0,0.0,0
2018-09-26 10:00:00,15,3,45,7,1039,3,0,0,7,-4.0,-3,-3,-18,1.0,-2,-19,-32,5.0,3239.0,-16,5843,1656,-0.6,-0.3,0,0,0.0,0.0,0
2018-09-26 11:00:00,16,4,45,7,1039,3,0,0,8,-2.0,-3,-4,-20,3.0,-3,-19,-30,3.0,3286.0,-15,5846,1656,0.7,-0.4,0,0,0.0,0.0,0
2018-09-26 12:00:00,16,4,45,6,1039,3,0,0,8,0.0,-3,-5,-22,3.5,-3,-19,-29,2.3,3307.0,-15,5854,1658,1.8,-0.5,0,0,1.3,0.0,0
2018-09-26 13:00:00,16,4,45,6,1038,4,0,0,9,0.0,-3,-6,-22,2.3,-2,-19,-27,1.2,3307.0,-14,5859,1659,1.9,-0.2,0,0,31.8,0.0,0
2018-09-26 14:00:00,17,5,44,6,1037,5,0,0,10,0.0,-2,-7,-22,1.1,-3,-19,-26,1.1,3315.0,-14,5860,1654,1.4,0.2,0,0,33.3,0.0,0
2018-09-26 15:00:00,17,5,45,7,1037,5,0,0,11,0.0,-1,-8,-22,1.0,-3,-18,-25,1.0,3371.0,-13,5865,1651,0.8,0.4,0,0,33.3,0.0,0
2018-09-26 16:00:00,18,6,47,9,1036,6,0,0,12,1.0,-1,-9,-20,1.0,-3,-18,-24,2.0,3432.0,-13,5873,1651,-0.3,0.0,0,0,33.3,0.0,0
2018-09-26 17:00:00,17,8,54,11,1036,7,0,0,12,1.0,-1,-9,-19,0.0,-4,-17,-23,2.0,3438.0,-12,5879,1651,-0.7,-0.2,0,0,33.3,0.0,0
2018-09-26 18:00:00,15,7,59,14,1036,9,0,0,12,1.0,-1,-9,-17,-3.0,-4,-16,-23,4.0,3494.0,-12,5880,1647,-0.1,0.1,0,0,33.3,0.0,0
2018-09-26 19:00:00,14,7,63,19,1036,9,0,0,13,1.0,-2,-8,-15,-5.0,-5,-16,-23,5.0,3595.0,-12,5884,1647,0.1,0.2,0,0,33.3,0.0,0
2018-09-26 20:00:00,15,6,58,22,1036,9,0,0,13,1.0,-2,-8,-14,-5.0,-6,-15,-23,5.0,3645.0,-12,5888,1648,0.0,0.1,0,0,33.3,0.0,0
2018-09-26 21:00:00,15,6,54,22,1035,9,0,0,14,1.0,-2,-7,-13,-4.0,-6,-15,-23,4.0,3679.0,-12,5890,1647,0.0,0.0,0,0,33.3,0.0,0
2018-09-26 22:00:00,15,5,51,23,1035,9,0,0,14,0.0,-2,-8,-11,-3.0,-6,-15,-23,3.0,3711.0,-12,5890,1644,0.0,-0.1,0,0,29.6,0.0,0
2018-09-26 23:00:00,16,5,48,25,1035,9,0,0,15,0.0,-3,-8,-9,-2.0,-6,-14,-23,2.0,3758.0,-12,5894,1645,0.1,-0.2,0,0,1.7,0.0,0
2018-09-27 00:00:00,16,5,48,27,1035,10,0,0,15,0.0,-4,-9,-9,-3.0,-6,-14,-23,3.0,3803.0,-11,5897,1645,0.1,-0.1,0,0,1.9,0.0,0
2018-09-27 01:00:00,16,4,46,25,1034,10,0,0,14,0.0,-4,-8,-9,-4.0,-7,-13,-24,4.0,3867.0,-11,5900,1645,0.0,-0.1,0,0,17.1,0.0,0
2018-09-27 02:00:00,16,4,47,21,1034,9,0,0,13,0.0,-5,-6,-8,-4.0,-7,-13,-25,4.0,3935.0,-11,5896,1639,-0.2,0.0,0,0,33.2,0.0,0
2018-09-27 03:00:00,16,5,48,20,1033,9,0,0,13,0.0,-5,-5,-8,-4.0,-7,-13,-26,4.0,3988.0,-11,5895,1636,-0.4,0.1,0,0,33.3,0.0,0
2018-09-27 04:00:00,16,5,49,22,1033,9,0,0,13,0.0,-5,-3,-8,-5.0,-7,-13,-25,5.0,3996.0,-11,5896,1635,-0.6,0.1,0,0,33.3,0.0,0
2018-09-27 05:00:00,16,5,49,25,1033,9,0,0,13,0.0,-4,-2,-9,-5.0,-6,-12,-25,5.0,3968.0,-11,5895,1634,-1.6,0.2,0,0,33.3,0.0,0
2018-09-27 06:00:00,16,5,49,28,1032,9,0,0,13,1.0,-4,-2,-8,-4.0,-5,-12,-25,4.0,3944.0,-11,5891,1631,-2.6,0.6,0,0,33.3,0.0,0
2018-09-27 07:00:00,17,6,49,32,1032,10,0,0,13,2.0,-3,-3,-7,-2.0,-6,-12,-23,6.0,3904.0,-10,5887,1629,-2.7,0.8,0,0,33.3,0.0,0
2018-09-27 08:00:00,18,6,44,35,1032,10,0,0,13,1.0,-5,-3,-5,-1.0,-7,-13,-22,5.0,3794.0,-10,5891,1633,-0.8,0.4,0,0,33.3,0.0,0
2018-09-27 09:00:00,20,7,43,38,1032,10,0,0,13,-2.0,-6,-3,-4,0.0,-8,-13,-20,4.0,3729.0,-10,5890,1634,-0.4,0.3,0,0,33.2,0.0,0
2018-09-27 10:00:00,20,7,41,40,1032,10,0,0,13,-3.0,-6,-3,-4,0.0,-8,-13,-19,4.0,3730.0,-10,5887,1631,-0.3,0.4,0,0,33.3,0.0,0
2018-09-27 11:00:00,21,7,40,42,1031,10,0,0,14,-3.0,-6,-3,-4,0.0,-7,-13,-18,4.0,3748.0,-11,5885,1629,0.0,0.4,0,0,33.3,0.0,0
2018-09-27 12:00:00,21,7,40,46,1031,10,0,0,15,-2.0,-6,-3,-4,0.0,-6,-13,-17,3.0,3792.0,-11,5888,1630,0.3,0.4,0,0,33.3,0.0,0
2018-09-27 13:00:00,22,8,41,51,1030,10,0,0,16,-2.0,-6,-3,-4,1.0,-6,-13,-16,3.0,3810.0,-11,5887,1628,0.4,0.4,0,0,33.3,0.0,0
2018-09-27 14:00:00,22,9,43,56,1028,11,0,0,17,-2.0,-7,-4,-4,0.0,-5,-12,-16,3.0,3829.0,-11,5876,1616,0.3,0.4,0,0,33.0,0.0,0
2018-09-27 15:00:00,22,9,45,57,1028,11,0,0,18,-1.0,-7,-4,-5,0.0,-4,-11,-16,2.0,3883.0,-11,5871,1609,0.1,0.4,0,0,33.2,0.0,0
2018-09-27 16:00:00,21,10,50,56,1027,11,0,0,18,0.0,-6,-5,-5,-1.0,-3,-10,-16,1.0,3934.0,-11,5873,1609,-0.5,0.5,0,0,28.2,0.0,0
2018-09-27 17:00:00,19,11,58,54,1027,12,0,0,18,2.0,-6,-5,-5,-2.0,-1,-9,-17,3.0,3969.0,-11,5871,1607,-1.4,0.6,0,0,3.2,0.0,0
2018-09-27 18:00:00,18,9,54,51,1026,12,0,0,18,3.0,-5,-5,-6,-3.0,0,-8,-18,7.0,3965.0,-12,5862,1599,-2.5,0.4,0,0,0.0,0.0,0
2018-09-27 19:00:00,19,8,49,51,1025,12,0,0,19,3.0,-4,-5,-7,-1.0,1,-9,-18,7.0,3923.0,-12,5856,1594,-2.4,-0.1,0,0,0.0,0.0,0
2018-09-27 20:00:00,19,7,48,54,1025,12,0,0,19,2.0,-5,-6,-7,1.0,1,-9,-18,5.0,3860.0,-12,5856,1594,-2.1,-0.2,0,0,0.0,0.0,0
2018-09-27 21:00:00,18,7,49,59,1025,12,0,0,20,1.0,-4,-6,-7,2.0,0,-10,-17,2.0,3778.0,-12,5852,1593,-1.7,-0.5,0,0,0.0,0.0,0
2018-09-27 22:00:00,18,7,49,64,1025,12,0,0,20,1.0,-3,-6,-7,1.0,0,-10,-16,2.0,3736.0,-12,5844,1586,-1.1,-0.5,0,0,0.0,0.0,0
2018-09-27 23:00:00,18,7,49,67,1024,12,0,0,20,1.0,-3,-6,-7,0.0,1,-10,-15,1.0,3726.0,-12,5842,1585,-0.6,-0.3,0,0,0.0,0.0,0
2018-09-28 00:00:00,19,8,48,69,1024,11,0,0,21,0.0,-4,-6,-7,-3.0,2,-10,-14,4.0,3723.0,-12,5839,1583,-0.3,-0.2,0,0,1.1,0.0,0
2018-09-28 01:00:00,20,8,47,68,1023,11,0,0,21,-2.0,-4,-6,-6,-4.0,1,-9,-12,5.0,3743.0,-12,5835,1579,0.1,-0.3,0,0,1.1,0.0,0
2018-09-28 02:00:00,20,8,47,63,1022,11,0,0,20,-3.0,-4,-6,-6,-4.0,0,-8,-12,5.0,3769.0,-12,5830,1572,0.3,-0.3,0,0,1.0,0.0,0
2018-09-28 03:00:00,20,8,47,59,1022,11,0,0,20,-3.0,-3,-6,-6,-4.0,-1,-7,-12,5.0,3798.0,-12,5826,1566,0.2,-0.1,0,0,0.0,0.0,0
2018-09-28 04:00:00,20,8,46,57,1021,11,0,0,19,-3.0,-3,-5,-6,-4.0,-2,-6,-13,5.0,3836.0,-12,5823,1561,0.2,0.0,0,0,0.0,0.0,0
2018-09-28 05:00:00,20,8,46,58,1021,11,0,0,19,-4.0,-3,-5,-6,-4.0,-2,-5,-13,6.0,3821.0,-12,5818,1556,0.2,0.0,0,0,0.0,0.0,0
2018-09-28 06:00:00,20,8,47,60,1020,11,0,0,20,-3.0,-3,-4,-6,-4.0,-2,-5,-12,5.0,3788.0,-12,5811,1550,0.0,-0.1,0,0,0.0,0.0,0
2018-09-28 07:00:00,20,9,48,60,1019,11,0,0,20,-3.0,-4,-4,-6,-2.0,-3,-6,-10,6.0,3739.0,-12,5804,1545,-0.3,0.0,0,0,0.0,0.0,0
2018-09-28 08:00:00,21,10,47,59,1019,11,0,0,20,-3.0,-5,-4,-5,-1.0,-3,-6,-8,6.0,3757.0,-13,5806,1548,-0.5,0.0,0,0,0.0,0.0,0
2018-09-28 09:00:00,22,10,46,59,1019,11,0,0,20,-4.0,-5,-3,-4,0.0,-3,-5,-6,5.0,3764.0,-13,5806,1547,-0.8,0.0,0,0,0.0,0.0,0
2018-09-28 10:00:00,23,11,47,59,1018,11,0,0,21,-3.0,-5,-4,-3,1.0,-2,-4,-5,5.0,3776.0,-13,5802,1543,-1.4,-0.1,0,0,0.0,0.0,0
2018-09-28 11:00:00,23,11,47,59,1018,11,0,0,21,-3.0,-5,-3,-2,1.0,-2,-3,-4,5.0,3746.0,-12,5799,1540,-1.5,-0.1,0,0,0.0,0.0,0
2018-09-28 12:00:00,23,12,47,58,1018,11,0,0,21,-4.0,-4,-2,-1,0.0,-1,-3,-3,5.0,3722.0,-12,5802,1541,-1.6,0.0,0,0,0.0,0.0,0
2018-09-28 13:00:00,24,12,48,58,1017,12,0,0,21,-4.0,-3,-1,0,-1.0,-1,-3,-2,6.0,3693.0,-12,5800,1540,-2.1,-0.1,0,0,0.0,0.0,0
2018-09-28 14:00:00,23,12,49,58,1016,12,0,0,21,-4.0,-2,0,2,-1.0,-1,-3,-2,7.0,3673.0,-12,5789,1531,-2.6,0.0,0,0,0.0,0.0,0
2018-09-28 15:00:00,23,12,51,58,1016,12,0,0,21,-3.0,-2,1,3,-1.0,0,-3,-1,9.0,3666.0,-12,5784,1525,-2.5,-0.1,0,0,0.0,0.0,0
2018-09-28 16:00:00,22,12,55,59,1016,12,0,0,20,-2.0,-1,2,4,-3.0,0,-4,-1,10.0,3637.0,-12,5785,1526,-0.9,-0.2,0,0,0.0,0.0,0
2018-09-28 17:00:00,21,12,56,58,1016,12,0,0,20,-3.0,-1,2,5,-4.0,0,-5,0,12.0,3624.0,-12,5783,1526,-1.4,-0.1,0,0,0.0,0.0,0
2018-09-28 18:00:00,21,11,54,60,1015,12,0,0,20,-3.0,-2,3,6,-4.0,0,-5,1,12.0,3552.0,-13,5774,1521,-2.5,-0.3,0,0,0.0,0.0,0
2018-09-28 19:00:00,20,10,52,62,1015,12,0,0,20,-3.0,-4,3,7,-4.0,0,-5,2,13.0,3479.0,-13,5770,1522,-2.6,-0.1,0,0,0.0,0.0,0
2018-09-28 20:00:00,20,10,52,62,1016,12,0,0,21,-3.0,-3,4,8,-4.0,1,-5,3,15.0,3441.0,-13,5765,1523,-2.8,-0.1,0,0,0.0,0.0,0
2018-09-28 21:00:00,20,10,52,64,1015,12,0,0,21,-2.0,-2,4,9,-3.0,-1,-4,3,14.0,3403.0,-13,5761,1521,-3.3,-0.1,0,0,0.0,0.0,0
2018-09-28 22:00:00,20,10,52,63,1015,12,0,0,20,-3.0,-2,5,10,-3.0,-2,-3,2,16.0,3356.0,-13,5756,1517,-3.5,0.0,0,0,0.0,0.0,0
2018-09-28 23:00:00,20,11,55,53,1015,12,0,0,19,-4.0,-3,5,10,-4.0,-2,-2,-1,17.0,3364.0,-13,5754,1517,-3.1,0.1,0,0,0.0,0.0,0
2018-09-29 00:00:00,19,10,56,43,1016,12,0,0,17,-5.0,-2,6,10,-5.0,-2,-2,-3,18.0,3328.0,-14,5752,1520,-2.4,0.0,0,0,0.0,0.0,0
2018-09-29 01:00:00,18,10,62,47,1016,13,0,0,17,-5.0,-4,7,9,-5.0,-4,-2,-3,18.0,3249.0,-14,5749,1522,-3.2,0.3,0,0,0.0,0.0,0
2018-09-29 02:00:00,18,10,61,54,1016,12,0,0,17,-4.0,-3,7,10,-4.0,-5,-2,-2,18.0,3118.0,-14,5739,1515,-4.8,0.3,0,0,0.0,0.0,0
2018-09-29 03:00:00,17,11,70,68,1016,12,0,0,18,-4.0,-4,7,12,-6.0,-4,-2,-2,18.0,3015.0,-15,5732,1513,-4.6,-0.2,0,0,3.2,0.0,0
2018-09-29 04:00:00,16,11,76,70,1016,12,0,0,19,-5.0,-4,7,13,-6.0,-3,-2,-3,19.0,2980.0,-15,5731,1515,-5.1,0.2,0,2,11.5,0.0,0
2018-09-29 05:00:00,15,11,82,66,1017,12,0,0,19,-6.0,-3,7,13,-7.0,0,-3,-3,22.0,3014.0,-15,5728,1513,-3.9,1.1,0,0,12.1,0.0,0
2018-09-29 06:00:00,14,10,83,63,1017,11,0,0,18,-10.0,-2,7,12,-10.0,1,-4,-2,23.0,3022.0,-15,5724,1513,-0.6,0.3,0,0,34.9,0.0,0
2018-09-29 07:00:00,15,10,77,66,1017,11,0,0,18,-12.0,-2,6,11,-11.0,0,-4,-2,24.0,2954.0,-15,5722,1517,0.4,0.5,0,0,79.5,0.0,0
2018-09-29 08:00:00,16,10,72,69,1017,11,0,0,18,-13.0,-2,5,10,-11.0,1,-4,-3,22.0,2924.0,-15,5726,1523,0.0,0.8,0,8,43.5,0.0,0
2018-09-29 09:00:00,17,10,66,71,1017,11,0,0,19,-13.0,-1,5,9,-11.0,2,-4,-4,23.0,2895.0,-16,5725,1524,0.5,0.7,0,8,11.4,0.0,0
2018-09-29 10:00:00,17,10,64,71,1018,10,0,0,19,-13.0,-1,5,8,-11.0,2,-4,-4,22.0,2867.0,-16,5723,1525,0.6,0.5,0,5,4.0,0.0,0
2018-09-29 11:00:00,18,10,61,70,1018,10,0,0,19,-13.0,1,5,7,-10.0,3,-5,-6,21.0,2864.0,-15,5725,1526,0.9,0.0,0,0,1.5,0.0,0
2018-09-29 12:00:00,19,11,58,68,1018,9,0,0,19,-12.0,2,4,5,-9.0,2,-5,-6,19.0,2875.0,-15,5732,1531,0.9,-0.1,0,0,0.0,0.0,0
2018-09-29 13:00:00,19,11,57,67,1019,9,0,0,18,-12.6,3,3,2,-9.4,2,-5,-7,19.9,2868.0,-14,5735,1534,1.2,0.0,0,0,0.0,0.0,0
2018-09-29 14:00:00,19,11,57,63,1019,9,0,0,18,-11.0,4,3,-6,-8.0,1,-5,-8,18.0,2894.0,-14,5732,1530,1.0,0.0,0,0,0.0,0.0,0
2018-09-29 15:00:00,19,10,57,60,1019,9,0,0,17,-9.0,4,3,-14,-7.0,1,-5,-8,18.0,2934.0,-14,5733,1529,0.6,0.0,0,0,0.0,0.0,0
2018-09-29 16:00:00,17,9,57,58,1019,8,0,0,17,-7.0,3,4,-21,-7.0,1,-5,-7,19.0,2955.0,-14,5737,1532,-0.1,0.0,0,0,21.8,0.0,0
2018-09-29 17:00:00,15,6,55,56,1020,8,0,0,15,-7.0,1,4,-26,-8.0,1,-5,-7,20.0,2952.0,-14,5739,1533,-0.3,0.0,0,0,30.6,0.0,0
2018-09-29 18:00:00,15,5,52,52,1020,8,0,0,14,-8.0,0,2,-28,-8.0,1,-4,-6,21.0,2938.0,-14,5737,1530,0.0,0.0,0,0,33.1,0.0,0
2018-09-29 19:00:00,14,4,50,41,1020,8,0,0,11,-9.0,1,-1,-27,-9.0,1,-4,-5,23.0,2964.0,-13,5738,1529,0.4,-0.1,0,0,31.7,0.0,0
2018-09-29 20:00:00,14,4,50,29,1020,8,0,0,9,-9.0,2,-4,-27,-9.0,1,-4,-4,21.0,2992.0,-13,5742,1533,0.7,-0.1,0,0,33.3,0.0,0
2018-09-29 21:00:00,14,4,53,18,1021,8,0,0,8,-9.0,2,-6,-27,-9.0,1,-4,-3,21.0,3000.0,-13,5742,1533,0.7,-0.1,0,0,33.3,0.0,0
2018-09-29 22:00:00,13,5,56,11,1021,7,0,0,7,-9.0,2,-9,-26,-9.0,1,-4,-2,20.0,2989.0,-13,5740,1531,0.4,-0.1,0,0,33.3,0.0,0
2018-09-29 23:00:00,13,5,57,9,1021,7,0,0,7,-8.0,2,-10,-26,-8.0,1,-4,-2,19.0,2958.0,-12,5742,1533,0.1,0.0,0,0,33.1,0.0,0
2018-09-30 00:00:00,13,5,58,7,1021,6,0,0,7,-7.0,2,-11,-26,-8.0,0,-3,-1,18.0,2995.0,-12,5744,1533,0.1,0.0,0,0,33.3,0.0,0
2018-09-30 01:00:00,13,5,59,6,1021,6,0,0,7,-7.0,2,-12,-26,-7.0,-1,-2,0,17.0,3065.0,-12,5745,1531,-0.1,0.1,0,0,33.3,0.0,0
2018-09-30 02:00:00,12,5,60,6,1021,6,0,0,7,-6.0,2,-12,-25,-7.0,-2,-1,0,16.0,3131.0,-12,5743,1528,0.1,0.0,0,0,33.1,0.0,0
2018-09-30 03:00:00,12,5,60,5,1021,6,0,0,7,-6.0,1,-12,-23,-7.0,-2,1,1,13.0,3172.0,-12,5742,1528,0.0,0.0,0,0,22.1,0.0,0
2018-09-30 04:00:00,12,4,59,5,1021,5,0,0,7,-6.0,0,-12,-23,-6.0,-1,1,1,11.0,3174.0,-12,5741,1526,-0.1,0.0,0,0,12.5,0.0,0
2018-09-30 05:00:00,12,4,59,4,1021,5,0,0,7,-5.0,-2,-11,-22,-6.0,-1,2,1,11.0,3135.0,-12,5739,1524,-0.1,-0.1,0,0,2.6,0.0,0
2018-09-30 06:00:00,12,4,58,4,1021,5,0,0,7,-5.0,-2,-11,-22,-5.0,-1,2,2,10.0,3080.0,-11,5735,1521,-0.2,-0.1,0,0,13.4,0.0,0
2018-09-30 07:00:00,14,6,55,4,1020,4,0,0,7,-7.0,-2,-11,-22,-4.0,-1,2,3,10.0,3036.0,-11,5734,1519,-0.7,-0.1,0,0,10.7,0.0,0
2018-09-30 08:00:00,16,6,51,5,1021,4,0,0,7,-7.0,-3,-11,-22,-4.0,-1,3,3,10.0,3047.0,-12,5736,1522,-0.7,0.0,0,0,6.5,0.0,0
2018-09-30 09:00:00,17,5,47,5,1020,4,0,0,7,-7.0,-2,-10,-22,-2.0,0,3,4,8.0,3088.0,-12,5734,1521,-0.6,0.0,0,0,0.0,0.0,0
2018-09-30 10:00:00,17,5,43,5,1020,4,0,0,7,-5.0,-2,-10,-22,-1.0,0,4,4,5.0,3108.0,-12,5729,1517,-0.5,0.0,0,0,0.0,0.0,0
2018-09-30 11:00:00,18,5,42,5,1019,4,0,0,7,-4.0,-3,-9,-22,0.0,-1,3,5,4.0,3114.0,-12,5725,1514,-0.2,0.0,0,0,0.0,0.0,0
2018-09-30 12:00:00,18,5,42,5,1018,5,0,0,8,-3.0,-3,-9,-21,0.0,-2,3,6,4.0,3101.0,-12,5724,1514,-0.6,0.0,0,0,0.0,0.0,0
2018-09-30 13:00:00,18,5,42,5,1018,5,0,0,8,-2.0,-3,-9,-19,1.0,-2,3,7,3.0,3097.0,-13,5719,1511,-0.6,0.0,0,0,0.0,0.0,0
2018-09-30 14:00:00,18,6,43,5,1017,5,0,0,8,-2.0,-3,-8,-18,1.0,-3,3,8,3.0,3074.0,-13,5711,1503,-0.6,-0.1,0,0,0.0,0.0,0
2018-09-30 15:00:00,18,6,43,5,1016,5,0,0,8,-3.0,-2,-6,-15,0.0,-3,4,8,3.0,3044.0,-13,5705,1499,-1.2,-0.1,0,0,0.0,0.0,0
2018-09-30 16:00:00,17,6,48,5,1017,6,0,0,8,-3.0,-1,-4,-11,-1.0,-2,4,8,5.0,3014.0,-14,5701,1498,-1.2,-0.1,0,0,0.0,0.0,0
2018-09-30 17:00:00,16,7,53,5,1016,6,0,0,7,-3.0,0,-1,-8,-2.0,-3,4,7,6.0,2999.0,-14,5696,1495,-0.4,-0.1,0,0,0.0,0.0,0
2018-09-30 18:00:00,15,7,56,5,1016,6,0,0,7,-3.0,-1,1,-4,-4.0,-4,3,7,5.0,2957.0,-15,5688,1491,-0.2,-0.1,0,0,0.0,0.0,0
2018-09-30 19:00:00,15,6,55,5,1016,6,0,0,7,-3.0,-1,3,-1,-4.0,-4,3,7,5.0,2910.0,-15,5682,1489,-0.6,-0.1,0,0,0.0,0.0,0
2018-09-30 20:00:00,15,6,55,5,1015,6,0,0,7,-3.0,-2,5,-1,-4.0,-4,4,8,5.0,2883.0,-15,5675,1484,-0.1,-0.1,0,0,0.0,0.0,0
2018-09-30 21:00:00,15,6,56,7,1015,7,0,0,8,-3.0,-2,6,-2,-4.0,-3,5,9,5.0,2849.0,-16,5669,1480,0.2,0.0,0,0,0.0,0.0,0
2018-09-30 22:00:00,15,7,57,15,1014,7,0,0,9,-3.0,-2,6,-1,-4.0,-3,6,10,5.0,2821.0,-16,5661,1475,0.0,0.2,0,0,0.0,0.0,0
2018-09-30 23:00:00,15,7,57,28,1014,7,0,0,10,-3.0,-2,6,-2,-4.0,-3,7,12,5.0,2791.0,-17,5657,1472,0.0,0.1,0,0,0.0,0.0,0
2018-10-01 00:00:00,16,7,56,32,1013,7,0,0,11,-3.0,-1,7,-3,-3.0,-2,7,14,4.0,2770.0,-17,5649,1467,0.0,0.2,0,0,1.6,0.0,0
