vt,TMP_2,DPT_2,RH_2,RH_700,MSLET_SF,TMP_850,CAPE_180,CIN_180,PWAT_CLM,UGRD_10,UGRD_850,UGRD_500,UGRD_300,VGRD_10,VGRD_850,VGRD_500,VGRD_300,GUST_SF,HGT_0C,TMP_500,HGT_500,HGT_850,VVEL_900,VVEL_700,SNOD_SF,rdrmax,cldave,precave,precpct
2018-09-01 01:00:00,0,0,100,100,1016,9,0,0,14,-2.0,-3,-1,4,-2.0,-3,7,24,5.0,99.0,-15,5707,1501,-1.0,-0.5,0,26,96.1,0.4,60
2018-09-01 02:00:00,0,0,100,99,1016,8,0,0,14,-2.0,-2,-4,4,-3.0,-4,9,26,6.0,31.0,-16,5702,1500,-1.2,-0.7,0,35,95.6,0.4,60
2018-09-01 03:00:00,0,0,100,99,1016,8,0,0,14,0.0,0,-7,4,-4.0,-5,15,18,10.0,57.0,-15,5703,1497,-1.6,-0.1,0,36,96.5,1.5,100
2018-09-01 04:00:00,0,0,100,100,1017,7,0,0,14,-1.0,-1,-5,-2,-4.0,-5,15,19,9.0,85.0,-16,5710,1501,-1.5,0.5,0,37,94.7,2.4,100
2018-09-01 05:00:00,0,0,100,100,1016,7,0,0,13,-2.0,-3,-4,-9,-4.0,-5,12,21,9.0,0.0,-16,5708,1500,-1.6,0.0,0,39,92.9,3.2,100
2018-09-01 06:00:00,0,0,100,100,1016,7,20,-22,13,-2.0,-2,-6,-13,-3.0,-4,10,17,8.0,0.0,-16,5707,1501,-1.4,-0.6,0,40,98.8,2.7,93
2018-09-01 07:00:00,-1,-1,100,100,1017,6,40,-13,13,-1.0,-1,-4,-13,-4.0,-5,8,17,8.0,0.0,-16,5706,1506,-1.4,0.0,0,40,99.4,2.8,100
2018-09-01 08:00:00,0,0,100,100,1016,7,80,-4,13,1.0,1,-4,-16,-4.0,-4,8,17,8.0,127.0,-17,5711,1506,-1.1,0.4,0,33,96.1,1.8,100
2018-09-01 09:00:00,0,0,100,100,1016,8,80,-1,13,1.0,1,-7,-20,-3.0,-4,6,16,6.0,420.0,-16,5714,1503,-1.1,-0.1,0,31,93.6,0.9,73
2018-09-01 10:00:00,1,0,100,100,1015,8,60,0,12,0.0,0,-9,-25,-3.0,-4,6,13,5.0,440.0,-16,5714,1500,-1.2,-0.1,0,27,88.8,0.2,53
2018-09-01 11:00:00,1,1,100,100,1015,9,50,0,12,0.0,0,-10,-25,-3.0,-4,6,10,5.0,425.0,-16,5716,1501,-1.1,-0.6,0,25,87.8,0.3,66
2018-09-01 12:00:00,1,1,100,100,1016,9,10,0,12,0.0,-1,-11,-25,-3.0,-4,7,8,5.0,398.0,-16,5723,1507,-1.2,-0.7,0,20,83.0,0.3,60
2018-09-01 13:00:00,2,2,100,100,1016,10,0,0,12,-2.0,-2,-10,-23,-2.0,-3,7,6,5.0,386.0,-16,5728,1507,-1.0,-0.2,0,19,72.8,0.1,40
2018-09-01 14:00:00,4,3,100,93,1015,11,50,-5,12,-3.0,-4,-10,-21,-2.0,-3,6,6,6.0,423.0,-16,5726,1499,-1.2,-0.3,0,15,52.1,0.1,46
2018-09-01 15:00:00,3,2,100,99,1015,11,40,-19,12,-3.0,-4,-9,-16,-2.0,-3,5,6,6.0,369.0,-16,5728,1501,-1.3,-0.8,0,17,45.3,0.1,33
2018-09-01 16:00:00,3,2,100,100,1016,10,10,-1,12,-2.0,-3,-8,-14,-3.0,-3,3,6,6.0,349.0,-16,5737,1510,-1.2,-0.4,0,15,50.5,0.1,20
2018-09-01 17:00:00,1,1,100,100,1017,9,0,0,11,0.0,0,-8,-16,-3.0,-4,2,6,6.0,324.0,-16,5739,1515,-1.2,-0.1,0,13,63.2,0.1,13
2018-09-01 18:00:00,0,0,100,93,1017,8,0,0,11,1.0,1,-9,-18,-3.0,-4,2,5,6.0,447.0,-16,5738,1515,-1.0,0.7,0,9,50.7,0.0,13
2018-09-01 19:00:00,0,0,100,94,1018,8,0,0,11,1.0,1,-9,-19,-3.0,-3,1,4,6.0,451.0,-15,5738,1519,-0.9,0.4,0,8,55.1,0.0,6
2018-09-01 20:00:00,0,0,100,100,1018,8,0,0,11,1.0,1,-9,-24,-3.0,-3,0,5,6.0,283.0,-15,5740,1521,-0.9,0.2,0,14,69.7,0.0,0
2018-09-01 21:00:00,0,0,100,98,1018,8,0,0,11,1.0,1,-11,-31,-3.0,-3,0,3,6.0,388.0,-15,5739,1517,-0.9,0.3,0,14,70.9,0.0,0
2018-09-01 22:00:00,0,0,100,100,1017,8,0,0,12,1.0,1,-10,-32,-3.0,-4,-2,0,7.0,381.0,-15,5737,1515,-1.1,-0.3,0,28,86.9,0.0,13
2018-09-01 23:00:00,0,0,100,100,1018,8,0,0,12,1.0,1,-10,-27,-3.0,-4,-4,-3,8.0,424.0,-15,5738,1517,-1.0,-0.8,0,21,95.4,0.2,40
2018-09-02 00:00:00,0,0,100,100,1018,8,10,0,12,0.0,0,-10,-22,-3.0,-3,-4,-5,6.0,414.0,-15,5737,1519,-1.0,-0.8,0,25,97.4,0.2,53
2018-09-02 01:00:00,0,0,100,99,1018,8,0,0,12,0.0,0,-10,-20,-3.0,-4,-3,-7,6.0,364.0,-15,5735,1517,-1.0,-0.1,0,25,94.0,0.2,60
2018-09-02 02:00:00,0,0,100,90,1017,8,0,0,12,0.0,0,-8,-17,-2.0,-3,-3,-13,6.0,415.0,-16,5729,1512,-0.8,0.5,0,15,87.5,0.0,6
2018-09-02 03:00:00,0,0,100,89,1017,9,0,0,11,0.0,0,-7,-14,-2.0,-3,-2,-13,6.0,359.0,-16,5726,1512,-0.8,0.3,0,18,72.3,0.0,6
2018-09-02 04:00:00,0,0,100,89,1017,9,0,0,10,0.0,0,-7,-12,-2.0,-3,-1,-10,5.0,337.0,-17,5724,1512,-0.8,0.5,0,14,63.4,0.0,0
2018-09-02 05:00:00,0,0,100,91,1017,9,0,0,9,0.0,0,-7,-12,-2.0,-2,1,-8,4.0,317.0,-17,5721,1511,-0.7,0.3,0,11,60.6,0.0,0
2018-09-02 06:00:00,1,1,100,80,1016,9,0,0,9,-1.0,-1,-7,-11,-2.0,-2,2,-5,5.0,366.0,-17,5718,1508,-0.7,0.5,0,10,52.0,0.0,0
2018-09-02 07:00:00,3,1,100,77,1016,10,20,-58,11,-3.0,-4,-7,-10,-2.0,-2,1,-2,5.0,445.0,-18,5716,1504,-0.8,0.5,0,12,26.9,0.0,6
2018-09-02 08:00:00,4,2,100,81,1015,10,90,-25,10,-4.0,-5,-6,-8,-2.0,-2,0,0,7.0,401.0,-18,5719,1505,-1.0,0.5,0,14,9.4,0.0,0
2018-09-02 09:00:00,5,2,95,77,1015,11,160,-6,10,-5.0,-6,-7,-7,-2.0,-2,2,1,6.0,467.0,-18,5720,1503,-1.0,0.2,0,13,8.9,0.1,26
2018-09-02 10:00:00,6,1,88,82,1014,12,180,-4,10,-5.0,-6,-7,-7,-2.0,-2,3,2,6.0,468.0,-18,5722,1500,-0.9,-0.3,0,13,17.0,0.1,26
2018-09-02 11:00:00,6,1,86,87,1014,13,150,-2,11,-4.0,-5,-7,-6,-1.0,-1,3,2,6.0,452.0,-17,5726,1501,-0.6,-0.2,0,6,29.0,0.1,33
2018-09-02 12:00:00,6,1,88,88,1015,13,170,-6,12,-5.0,-6,-8,-6,-1.0,-1,2,1,6.0,469.0,-17,5731,1504,-0.6,-0.1,0,10,39.0,0.2,40
2018-09-02 13:00:00,5,1,93,85,1015,13,200,-5,12,-4.0,-5,-9,-7,-1.0,-1,1,1,5.0,494.0,-17,5733,1506,-0.6,-0.2,0,8,49.0,0.3,73
2018-09-02 14:00:00,4,2,100,83,1015,12,200,-2,12,-4.0,-5,-8,-8,-1.0,-1,1,0,5.0,490.0,-17,5728,1504,-0.6,-0.1,0,2,62.5,0.3,73
2018-09-02 15:00:00,4,2,100,80,1015,11,220,-3,12,-3.0,-4,-8,-8,-1.0,-1,1,0,5.0,483.0,-17,5727,1505,-0.6,-0.1,0,12,76.3,0.3,73
2018-09-02 16:00:00,4,2,100,79,1016,11,210,-3,12,-3.0,-4,-7,-7,-1.0,-1,0,0,4.0,482.0,-17,5731,1510,-0.5,-0.1,0,13,78.9,0.2,53
2018-09-02 17:00:00,3,2,100,75,1016,11,190,-2,11,-2.0,-3,-7,-6,-1.0,-1,-1,-1,4.0,459.0,-17,5730,1510,-0.5,-0.2,0,10,65.4,0.1,46
2018-09-02 18:00:00,0,-1,100,76,1016,11,80,-7,11,-2.0,-2,-7,-5,-1.0,-2,0,0,4.0,417.0,-17,5725,1508,-0.6,-0.2,0,11,42.9,0.0,20
2018-09-02 19:00:00,-1,-2,100,75,1016,10,0,0,10,-2.0,-3,-7,-4,0.0,0,0,0,3.0,392.0,-17,5724,1509,-0.2,-0.3,0,9,35.9,0.0,6
2018-09-02 20:00:00,-1,-3,100,72,1016,10,0,0,10,-2.0,-3,-7,-4,1.0,1,1,1,3.0,391.0,-17,5724,1509,0.1,0.0,0,0,29.2,0.0,0
2018-09-02 21:00:00,-2,-3,100,60,1016,10,0,0,9,-2.0,-2,-7,-4,1.0,1,1,2,3.0,482.0,-17,5721,1506,0.2,0.3,0,8,31.9,0.0,0
2018-09-02 22:00:00,-2,-3,100,53,1015,10,0,0,9,-1.0,-2,-7,-4,2.0,2,2,3,3.0,513.0,-17,5717,1501,0.6,0.1,0,5,22.8,0.0,0
2018-09-02 23:00:00,1,-1,94,59,1015,10,0,0,10,-2.0,-2,-6,-6,1.0,1,2,5,3.0,482.0,-16,5717,1502,0.2,-0.1,0,11,13.3,0.0,0
2018-09-03 00:00:00,-1,-4,100,66,1015,10,0,0,10,-1.0,-2,-5,-9,0.0,0,3,3,2.0,430.0,-16,5718,1501,-0.2,-0.2,0,13,11.5,0.0,0
2018-09-03 01:00:00,-1,-4,100,70,1015,10,0,0,10,-1.0,-1,-4,-11,0.0,0,4,3,1.0,391.0,-16,5717,1501,-0.2,-0.1,0,11,12.9,0.0,0
2018-09-03 02:00:00,-2,-4,100,72,1015,10,0,0,10,0.0,0,-4,-11,0.0,-1,4,4,1.0,365.0,-17,5712,1498,-0.2,0.2,0,14,11.7,0.0,0
2018-09-03 03:00:00,0,-2,97,72,1015,9,0,0,10,0.0,0,-3,-11,-1.0,-1,4,4,1.0,369.0,-17,5708,1498,-0.2,0.3,0,8,8.0,0.0,0
2018-09-03 04:00:00,-2,-4,100,70,1015,9,0,0,10,0.0,0,-3,-11,0.0,0,4,4,1.0,391.0,-16,5709,1497,-0.1,0.2,0,8,9.8,0.0,0
2018-09-03 05:00:00,0,-2,93,68,1014,9,0,0,9,0.0,0,-3,-13,0.0,0,3,6,0.0,416.0,-16,5708,1492,0.1,0.2,0,10,14.0,0.0,0
2018-09-03 06:00:00,1,-2,93,68,1014,10,0,0,9,0.0,0,-3,-13,0.0,0,2,7,0.0,419.0,-16,5705,1489,-0.1,0.0,0,0,44.5,0.0,0
2018-09-03 07:00:00,3,0,92,71,1013,10,0,0,10,-1.0,-1,-4,-12,-1.0,-1,2,7,2.0,388.0,-16,5704,1487,-0.4,-0.2,0,0,47.5,0.0,0
2018-09-03 08:00:00,4,0,85,73,1013,11,0,0,10,-1.0,-2,-4,-11,-2.0,-2,1,6,2.0,383.0,-16,5708,1489,-0.6,0.4,0,7,46.5,0.0,0
2018-09-03 09:00:00,6,0,76,82,1012,12,0,0,11,-1.0,-2,-4,-10,-2.0,-2,0,6,2.0,384.0,-16,5711,1486,-0.8,0.2,0,12,49.2,0.0,0
2018-09-03 10:00:00,7,-1,70,86,1011,13,0,0,11,-2.0,-2,-4,-10,-2.0,-3,0,6,2.0,409.0,-17,5710,1480,-0.9,-0.1,0,11,42.1,0.1,13
2018-09-03 11:00:00,8,-1,66,80,1010,14,0,0,12,-2.0,-2,-4,-10,-2.0,-3,1,6,2.0,480.0,-16,5711,1477,-1.0,-0.5,0,25,48.8,0.1,26
2018-09-03 12:00:00,8,-1,64,74,1010,15,0,-9,12,-2.0,-3,-4,-10,-2.0,-3,0,6,3.0,534.0,-16,5716,1476,-1.1,-1.6,0,33,60.2,0.4,60
2018-09-03 13:00:00,8,0,70,81,1011,14,30,-11,12,-2.0,-3,-4,-12,-2.0,-2,0,6,3.0,513.0,-16,5718,1478,-0.8,-1.7,0,34,77.6,0.5,66
2018-09-03 14:00:00,6,1,87,91,1011,14,110,-7,13,-1.0,-1,-3,-12,-3.0,-3,1,7,4.0,482.0,-16,5718,1477,-1.2,-1.8,0,31,76.3,0.5,80
2018-09-03 15:00:00,4,2,100,93,1011,12,230,-1,14,0.0,0,-4,-12,-3.0,-4,0,6,6.0,506.0,-16,5718,1481,-1.1,-0.8,0,30,79.0,0.5,86
2018-09-03 16:00:00,4,3,100,90,1012,12,80,-3,13,-1.0,-1,-5,-12,-4.0,-5,1,4,7.0,550.0,-16,5722,1488,-1.5,0.0,0,36,80.8,0.5,100
2018-09-03 17:00:00,3,2,100,83,1012,11,0,0,13,-1.0,-1,-5,-12,-2.0,-3,1,3,5.0,552.0,-16,5721,1492,-0.8,0.4,0,25,76.3,0.2,53
2018-09-03 18:00:00,0,-1,100,84,1012,10,0,0,14,0.0,0,-5,-11,-1.0,-1,0,1,5.0,557.0,-16,5720,1490,-0.2,0.1,0,11,56.4,0.1,20
2018-09-03 19:00:00,-1,-2,100,81,1013,10,0,0,13,1.0,1,-5,-16,-1.0,-1,-2,1,6.0,560.0,-15,5721,1491,-0.1,-0.2,0,9,72.6,0.0,0
2018-09-03 20:00:00,-1,-3,100,77,1013,10,0,0,13,1.0,1,-5,-23,-1.0,-1,-3,2,7.0,590.0,-15,5723,1493,-0.1,-0.2,0,0,49.9,0.0,0
2018-09-03 21:00:00,1,0,100,71,1013,10,0,0,12,2.0,2,-6,-23,-1.0,-1,-4,-1,7.0,686.0,-15,5723,1491,-0.1,0.1,0,0,55.5,0.0,0
2018-09-03 22:00:00,-1,-3,100,66,1012,10,0,0,11,2.0,2,-6,-22,0.0,0,-3,-4,7.0,704.0,-15,5721,1486,0.1,0.3,0,0,77.2,0.0,0
2018-09-03 23:00:00,1,0,100,62,1013,10,0,0,11,2.0,2,-6,-20,0.0,0,-4,-3,7.0,732.0,-14,5726,1489,0.3,0.1,0,0,79.3,0.0,0
2018-09-04 00:00:00,-2,-4,100,63,1013,9,0,0,11,2.0,2,-6,-20,0.0,0,-4,-6,7.0,738.0,-14,5728,1493,0.3,0.1,0,0,44.4,0.0,0
2018-09-04 01:00:00,0,-1,100,68,1013,9,0,0,12,2.0,2,-4,-18,1.0,1,-5,-8,7.0,713.0,-14,5729,1495,0.4,-0.2,0,0,24.9,0.0,0
2018-09-04 02:00:00,-2,-4,100,74,1013,9,0,0,12,2.0,2,-1,-13,2.0,2,-6,-13,6.0,718.0,-14,5727,1491,0.8,-0.1,0,8,48.9,0.0,0
2018-09-04 03:00:00,-1,-1,100,88,1013,9,0,0,14,2.0,2,1,-14,1.0,2,-9,-12,5.0,683.0,-14,5728,1489,0.6,-0.8,0,26,85.2,0.0,0
2018-09-04 04:00:00,0,0,100,100,1013,10,0,0,16,1.0,2,-1,-12,1.0,2,-11,-11,5.0,606.0,-14,5727,1489,0.6,-0.6,0,23,87.0,0.0,13
2018-09-04 05:00:00,0,0,100,99,1013,10,0,0,15,1.0,2,-1,-8,1.0,2,-12,-10,8.0,606.0,-14,5728,1485,0.8,-1.4,0,25,84.2,0.1,20
2018-09-04 06:00:00,2,0,100,99,1013,10,0,0,15,2.0,3,0,-7,1.0,1,-12,-8,11.0,648.0,-13,5727,1483,0.5,-2.3,0,24,82.9,0.0,0
2018-09-04 07:00:00,3,2,100,98,1012,10,0,0,15,3.0,4,-2,-2,-1.0,-1,-11,-9,10.0,726.0,-13,5728,1482,0.0,-2.4,0,23,75.1,0.0,0
2018-09-04 08:00:00,4,2,100,100,1012,11,0,0,15,3.0,4,-3,0,-3.0,-3,-9,-10,7.0,669.0,-13,5736,1483,-0.7,-3.0,0,13,74.8,0.0,6
2018-09-04 09:00:00,5,3,100,100,1012,12,10,0,15,2.0,3,-3,2,-4.0,-5,-7,-11,9.0,675.0,-12,5743,1482,-1.3,-3.1,0,16,55.2,0.1,20
2018-09-04 10:00:00,5,3,100,100,1011,13,20,-1,14,1.0,1,-3,3,-5.0,-6,-8,-11,9.0,666.0,-12,5746,1481,-1.6,-3.3,0,17,52.4,0.1,33
2018-09-04 11:00:00,6,3,100,100,1011,13,30,-1,14,0.0,0,-2,3,-5.0,-7,-8,-12,9.0,688.0,-12,5751,1484,-1.9,-2.5,0,16,42.5,0.2,46
2018-09-04 12:00:00,7,4,96,99,1011,14,30,-1,13,0.0,0,-1,3,-5.0,-7,-7,-11,8.0,822.0,-12,5758,1486,-2.0,-1.7,0,13,19.1,0.1,46
2018-09-04 13:00:00,8,3,90,93,1010,14,10,-3,13,0.0,0,1,4,-5.0,-6,-7,-9,7.0,979.0,-12,5762,1486,-1.8,-1.0,0,11,8.6,0.1,20
2018-09-04 14:00:00,8,3,86,88,1010,15,10,-2,13,0.0,0,2,5,-5.0,-6,-7,-8,6.0,1022.0,-12,5760,1481,-1.6,-0.7,0,11,1.2,0.0,0
2018-09-04 15:00:00,8,2,85,88,1010,15,0,-3,13,0.0,0,3,7,-5.0,-6,-7,-8,6.0,1116.0,-12,5762,1482,-1.7,-0.3,0,9,0.9,0.0,0
2018-09-04 16:00:00,7,2,89,86,1011,14,0,-5,13,0.0,0,3,8,-5.0,-6,-7,-8,6.0,1129.0,-12,5768,1490,-1.6,-0.2,0,8,0.9,0.0,0
2018-09-04 17:00:00,5,3,99,79,1011,14,0,0,12,0.0,0,3,9,-2.0,-3,-7,-8,5.0,1082.0,-12,5768,1495,-0.8,-0.3,0,1,1.1,0.0,6
2018-09-04 18:00:00,3,2,100,76,1012,13,0,0,12,0.0,0,3,9,-1.0,-2,-6,-8,6.0,1038.0,-12,5767,1498,-0.3,-0.3,0,3,1.0,0.0,0
2018-09-04 19:00:00,0,0,100,70,1013,12,0,-2,13,1.0,1,4,10,0.0,0,-6,-9,6.0,1014.0,-13,5768,1503,0.1,-0.3,0,0,8.9,0.0,0
2018-09-04 20:00:00,0,-1,100,67,1014,11,0,0,13,1.0,2,4,11,0.0,0,-6,-9,6.0,973.0,-13,5770,1509,0.4,0.1,0,0,9.7,0.0,0
2018-09-04 21:00:00,0,-2,100,68,1014,11,0,0,13,2.0,2,5,12,1.0,1,-6,-9,6.0,923.0,-13,5770,1510,0.4,0.1,0,0,12.8,0.0,0
2018-09-04 22:00:00,2,0,100,72,1014,11,0,0,13,2.0,2,5,13,1.0,1,-7,-10,5.0,887.0,-13,5768,1508,0.5,0.0,0,3,4.9,0.0,0
2018-09-04 23:00:00,-1,-3,100,76,1014,11,0,0,13,2.0,3,5,14,0.0,0,-8,-12,4.0,876.0,-13,5770,1511,0.4,0.1,0,7,4.9,0.0,0
2018-09-05 00:00:00,-1,-4,100,78,1014,12,0,0,13,2.0,3,5,14,0.0,0,-9,-14,3.0,885.0,-13,5771,1513,0.3,0.2,0,7,4.8,0.0,0
2018-09-05 01:00:00,3,0,97,79,1015,12,0,0,13,2.0,3,5,13,0.0,0,-9,-16,3.0,892.0,-14,5772,1513,0.1,0.0,0,10,4.8,0.0,0
2018-09-05 02:00:00,-1,-4,100,82,1014,12,0,0,12,2.0,3,3,10,0.0,-1,-9,-16,3.0,860.0,-13,5769,1510,0.1,-0.1,0,11,4.6,0.0,0
2018-09-05 03:00:00,-1,-4,100,84,1014,12,0,0,11,2.0,3,1,8,0.0,0,-9,-15,3.0,885.0,-13,5769,1509,0.2,0.1,0,10,5.4,0.0,0
2018-09-05 04:00:00,-1,-4,100,81,1014,12,0,0,11,2.0,3,-1,7,0.0,0,-8,-13,3.0,903.0,-13,5770,1509,0.4,0.2,0,11,5.1,0.0,0
2018-09-05 05:00:00,-1,-4,100,80,1014,13,0,0,10,2.0,3,-1,7,1.0,1,-6,-12,4.0,877.0,-13,5769,1507,0.7,0.1,0,7,5.1,0.0,0
2018-09-05 06:00:00,3,0,99,82,1014,13,0,0,10,2.0,2,0,8,1.0,2,-6,-12,3.0,878.0,-13,5769,1506,0.6,0.0,0,0,5.1,0.0,0
2018-09-05 07:00:00,6,1,91,83,1014,13,0,0,10,1.0,2,1,9,1.0,1,-5,-11,2.0,924.0,-13,5769,1506,0.3,0.0,0,0,3.0,0.0,0
2018-09-05 08:00:00,7,2,82,83,1014,14,0,0,10,2.0,2,2,10,-1.0,-1,-5,-10,2.0,976.0,-13,5773,1507,-0.1,-0.1,0,9,0.0,0.0,0
2018-09-05 09:00:00,9,2,77,86,1013,15,0,0,10,1.0,1,3,10,-2.0,-2,-6,-9,2.0,949.0,-13,5775,1504,-0.5,-0.1,0,13,0.5,0.0,0
2018-09-05 10:00:00,10,1,72,86,1012,16,20,-8,10,0.0,0,3,10,-2.0,-2,-6,-9,2.0,831.0,-13,5774,1498,-0.7,-0.2,0,15,4.2,0.0,0
2018-09-05 11:00:00,11,1,66,80,1011,17,40,-9,10,-1.0,-1,4,11,-2.0,-2,-6,-9,2.0,831.0,-13,5777,1495,-0.8,-0.2,0,16,5.3,0.0,6
2018-09-05 12:00:00,11,0,65,77,1011,18,30,-22,11,-1.0,-1,5,11,-2.0,-2,-6,-8,2.0,887.0,-13,5780,1495,-0.7,-1.2,0,15,19.5,0.1,20
2018-09-05 13:00:00,10,2,73,82,1011,17,110,-4,12,1.0,1,5,11,1.0,1,-5,-8,2.0,872.0,-13,5782,1495,0.3,-2.4,0,14,12.8,0.1,33
2018-09-05 14:00:00,8,4,93,87,1011,16,310,-8,12,2.0,3,5,11,2.0,3,-5,-8,4.0,885.0,-13,5779,1495,1.0,0.2,0,13,32.9,0.1,46
2018-09-05 15:00:00,8,4,95,91,1011,16,340,-7,13,2.0,3,5,10,1.0,1,-4,-8,3.0,902.0,-13,5778,1494,0.4,-0.5,0,11,44.4,0.1,53
2018-09-05 16:00:00,8,4,95,92,1012,15,440,-2,12,2.0,3,5,10,1.0,1,-5,-8,3.0,962.0,-13,5782,1499,0.4,0.0,0,15,26.3,0.1,53
2018-09-05 17:00:00,6,5,100,98,1013,15,380,-2,13,1.0,2,5,10,0.0,0,-4,-8,2.0,1065.0,-13,5780,1501,0.0,0.1,0,14,25.4,0.1,33
2018-09-05 18:00:00,2,1,100,87,1013,14,250,-9,12,1.0,1,5,9,0.0,0,-5,-7,1.0,1067.0,-13,5776,1498,0.0,0.0,0,11,23.5,0.0,13
2018-09-05 19:00:00,5,4,100,79,1013,14,240,-6,11,1.0,1,5,10,0.0,-1,-4,-7,1.0,1127.0,-13,5774,1500,-0.1,0.5,0,9,38.0,0.0,13
2018-09-05 20:00:00,4,4,100,59,1014,13,150,-19,10,1.0,1,5,10,-1.0,-1,-4,-6,2.0,1097.0,-13,5774,1504,0.0,0.4,0,12,35.1,0.0,0
2018-09-05 21:00:00,4,3,100,56,1013,12,0,0,10,1.0,1,5,10,0.0,0,-4,-6,1.0,1071.0,-13,5770,1504,0.3,0.2,0,0,16.5,0.0,0
2018-09-05 22:00:00,0,-1,100,52,1013,13,0,0,9,1.0,1,5,10,1.0,1,-4,-6,2.0,1046.0,-13,5766,1497,0.5,0.0,0,0,0.0,0.0,0
2018-09-05 23:00:00,0,-2,100,50,1013,13,0,0,9,1.0,2,5,9,1.0,1,-4,-5,2.0,1024.0,-13,5766,1497,0.4,-0.1,0,0,0.0,0.0,0
2018-09-06 00:00:00,0,-3,100,51,1013,13,0,0,9,1.0,2,4,8,1.0,2,-4,-5,3.0,1005.0,-13,5767,1497,0.6,-0.1,0,0,0.0,0.0,0
2018-09-06 01:00:00,0,-4,94,53,1013,14,0,0,9,2.0,2,4,8,1.0,2,-4,-5,3.0,1001.0,-13,5764,1493,0.7,-0.1,0,0,0.0,0.0,0
2018-09-06 02:00:00,0,-4,93,56,1013,14,0,0,9,2.0,3,4,8,2.0,2,-3,-4,4.0,1013.0,-13,5761,1490,0.8,-0.2,0,0,1.0,0.0,0
2018-09-06 03:00:00,4,0,88,62,1013,14,0,0,10,2.0,3,3,7,2.0,3,-3,-4,4.0,1018.0,-13,5760,1490,1.0,-0.3,0,0,10.5,0.0,0
2018-09-06 04:00:00,4,0,90,70,1013,14,0,0,11,2.1,4,3,7,2.1,3,-2,-3,5.2,974.0,-13,5757,1489,1.2,-0.2,0,0,15.3,0.0,0
2018-09-06 05:00:00,0,-3,100,75,1013,13,0,0,11,2.1,4,3,7,2.1,4,-1,-1,5.3,930.0,-13,5754,1487,1.3,-0.1,0,0,33.8,0.0,0
2018-09-06 06:00:00,3,2,100,74,1013,13,0,0,11,2.0,3,3,6,2.0,3,-1,-1,4.0,920.0,-14,5750,1486,0.9,-0.2,0,0,53.6,0.0,0
2018-09-06 07:00:00,5,3,100,70,1012,13,0,0,11,2.0,2,3,6,1.0,1,-1,0,3.0,923.0,-14,5749,1486,0.6,-0.4,0,0,65.3,0.0,0
2018-09-06 08:00:00,7,3,90,65,1012,14,50,-26,11,2.0,3,3,7,-1.0,-1,0,1,3.0,925.0,-14,5751,1484,0.0,-0.4,0,0,76.7,0.0,0
2018-09-06 09:00:00,9,2,79,75,1011,15,60,-18,11,2.0,2,3,7,-2.0,-2,0,2,3.0,915.0,-14,5751,1481,-0.4,-0.2,0,0,78.9,0.0,0
2018-09-06 10:00:00,10,1,69,79,1010,16,40,-23,12,1.0,1,4,7,-2.0,-2,1,2,3.0,801.0,-14,5750,1475,-0.6,-0.7,0,7,79.8,0.0,0
2018-09-06 11:00:00,11,0,65,77,1009,17,50,-13,13,0.0,-1,5,7,-2.0,-2,1,3,3.0,812.0,-14,5750,1471,-0.8,-0.8,0,11,76.6,0.0,13
2018-09-06 12:00:00,9,0,67,78,1009,17,130,0,13,0.0,0,5,7,-1.0,-1,1,3,2.0,799.0,-13,5753,1472,-0.5,-2.5,0,12,74.8,0.1,33
2018-09-06 13:00:00,9,1,74,82,1009,17,170,-10,14,1.0,1,5,7,1.0,1,0,4,2.0,817.0,-14,5753,1475,0.4,-0.5,0,11,75.9,0.3,80
2018-09-06 14:00:00,9,4,87,83,1009,16,460,-6,14,2.0,3,6,7,2.0,2,1,4,2.0,849.0,-14,5750,1474,0.7,0.4,0,20,79.0,0.3,80
2018-09-06 15:00:00,7,3,92,91,1010,16,520,-8,15,1.0,2,6,6,-1.0,-1,0,4,2.0,835.0,-14,5748,1474,-0.3,-1.0,0,19,77.3,0.4,80
2018-09-06 16:00:00,6,4,100,93,1010,14,450,-5,15,0.0,0,6,5,-1.0,-1,-1,4,1.0,881.0,-14,5750,1480,-0.3,-0.2,0,14,70.7,0.5,86
2018-09-06 17:00:00,6,5,100,94,1011,14,290,-5,15,-1.0,-1,5,5,-1.0,-1,-2,4,1.0,915.0,-14,5748,1482,-0.3,0.1,0,10,59.8,0.4,86
2018-09-06 18:00:00,2,3,100,90,1011,14,170,-22,14,0.0,0,4,6,-1.0,-1,-1,3,3.0,947.0,-14,5745,1480,-0.3,0.2,0,10,46.8,0.1,26
2018-09-06 19:00:00,1,0,100,87,1011,13,140,-26,14,0.0,1,4,7,-1.0,-2,-1,1,4.0,940.0,-14,5745,1482,-0.3,-0.1,0,6,37.4,0.0,0
2018-09-06 20:00:00,0,0,100,83,1012,13,40,-49,14,1.0,1,4,7,-1.0,-2,-1,-2,4.0,902.0,-14,5745,1485,-0.3,0.0,0,4,12.1,0.0,0
2018-09-06 21:00:00,0,-1,100,82,1012,12,30,-15,14,1.0,1,4,8,-1.0,-1,-1,-5,3.0,833.0,-14,5743,1487,-0.2,0.2,0,0,1.5,0.0,0
2018-09-06 22:00:00,0,-1,100,80,1012,12,20,-16,13,1.0,1,3,7,-1.0,-1,0,-7,2.0,813.0,-14,5740,1485,-0.2,0.1,0,0,0.0,0.0,0
2018-09-06 23:00:00,0,-3,100,81,1012,12,10,-13,13,1.0,1,3,7,-1.0,-1,0,-8,1.0,792.0,-14,5742,1487,-0.2,0.0,0,6,0.1,0.0,0
2018-09-07 00:00:00,0,-3,97,81,1012,12,20,-19,13,0.0,0,4,5,-1.0,-1,0,-8,1.0,801.0,-14,5743,1487,-0.1,0.1,0,8,0.1,0.0,0
2018-09-07 01:00:00,0,-4,96,81,1012,12,10,-21,13,1.0,1,4,6,-1.0,-1,1,-5,1.0,774.0,-14,5743,1488,-0.1,0.1,0,10,1.1,0.0,0
2018-09-07 02:00:00,0,-4,96,83,1012,12,10,-40,13,1.0,1,4,7,-1.0,-1,0,-3,1.0,777.0,-14,5742,1486,0.0,0.0,0,0,1.5,0.0,0
2018-09-07 03:00:00,3,0,95,84,1012,12,0,0,13,1.0,1,4,6,-1.0,-1,0,-2,1.0,817.0,-14,5741,1486,-0.1,-0.1,0,0,2.4,0.0,0
2018-09-07 04:00:00,-1,-4,97,85,1013,12,0,0,13,1.0,1,4,6,-1.0,-1,0,-1,1.0,842.0,-14,5741,1487,-0.1,-0.1,0,6,0.6,0.0,0
2018-09-07 05:00:00,0,-4,98,87,1013,12,0,0,13,1.0,1,4,6,0.0,0,0,-1,1.0,820.0,-14,5740,1487,0.1,-0.2,0,2,2.0,0.0,0
2018-09-07 06:00:00,3,1,100,88,1013,12,0,0,13,1.0,2,4,6,0.0,0,0,-1,2.0,781.0,-14,5739,1487,0.2,0.2,0,8,4.3,0.0,0
2018-09-07 07:00:00,5,2,98,82,1012,13,0,0,13,0.0,0,4,6,0.0,0,1,0,0.0,821.0,-14,5739,1484,0.0,0.1,0,0,12.2,0.0,0
2018-09-07 08:00:00,6,3,94,81,1012,13,40,-15,13,0.0,0,4,6,-1.0,-2,1,0,1.0,804.0,-14,5745,1488,-0.5,-0.1,0,9,13.9,0.0,0
2018-09-07 09:00:00,7,3,92,84,1012,14,180,-4,14,-1.0,-1,4,7,-2.0,-2,2,0,1.0,750.0,-14,5748,1489,-0.7,0.2,0,13,45.4,0.0,13
2018-09-07 10:00:00,7,3,91,84,1011,14,170,-8,14,-1.0,-1,3,8,-1.0,-2,2,0,1.0,767.0,-14,5749,1488,-0.5,0.2,0,38,43.6,0.3,53
2018-09-07 11:00:00,7,3,89,99,1011,15,260,-6,14,-1.0,-1,3,7,-1.0,-1,2,-1,1.0,727.0,-14,5751,1488,-0.4,-0.6,0,39,42.2,0.5,80
2018-09-07 12:00:00,7,3,94,87,1012,14,210,-8,15,-1.0,-2,4,8,-1.0,-1,1,-1,2.0,800.0,-14,5756,1493,-0.3,0.7,0,31,46.9,0.5,100
2018-09-07 13:00:00,7,3,93,87,1012,15,270,-6,15,0.0,0,4,9,-1.0,-1,2,0,0.0,789.0,-14,5758,1493,-0.1,-0.3,0,14,47.9,0.5,80
2018-09-07 14:00:00,7,3,98,97,1012,15,340,-3,15,0.0,0,4,9,-1.0,-1,2,1,1.0,800.0,-14,5757,1490,-0.4,-1.1,0,11,55.6,0.5,100
2018-09-07 15:00:00,5,4,100,98,1012,13,280,-3,16,0.0,-1,4,9,-1.0,-1,3,1,2.0,906.0,-14,5758,1494,-0.5,0.2,0,26,58.0,0.5,80
2018-09-07 16:00:00,6,4,100,95,1013,13,290,-5,16,-1.0,-1,4,9,-1.0,-2,3,1,2.0,924.0,-14,5761,1497,-0.5,-0.5,0,35,45.2,0.6,73
2018-09-07 17:00:00,5,4,100,94,1013,13,220,-9,16,0.0,0,4,9,-1.0,-1,3,0,1.0,849.0,-14,5762,1500,-0.2,-0.1,0,7,47.1,0.6,86
2018-09-07 18:00:00,4,4,100,93,1014,13,220,-7,16,0.0,-1,4,9,-1.0,-1,3,0,1.0,812.0,-14,5760,1500,-0.4,-0.3,0,18,40.0,0.3,73
2018-09-07 19:00:00,4,4,100,94,1014,13,210,-3,16,0.0,0,3,8,-1.0,-1,3,-1,1.0,807.0,-14,5761,1504,-0.4,-0.3,0,12,59.1,0.3,60
2018-09-07 20:00:00,4,3,100,93,1015,12,120,-9,16,0.0,0,3,8,0.0,0,3,0,0.0,801.0,-14,5763,1506,-0.1,-0.2,0,5,54.5,0.2,60
2018-09-07 21:00:00,3,3,100,94,1015,12,50,-13,16,0.0,0,4,7,0.0,0,2,0,1.0,787.0,-14,5761,1508,0.2,-0.3,0,9,58.8,0.1,33
2018-09-07 22:00:00,4,3,100,91,1015,12,30,-13,15,0.0,0,3,6,0.0,-1,2,0,1.0,765.0,-14,5759,1507,0.0,-0.2,0,14,69.6,0.1,26
2018-09-07 23:00:00,3,3,100,88,1015,11,0,0,15,0.0,0,3,5,-1.0,-1,2,1,1.0,744.0,-14,5762,1512,-0.2,0.0,0,12,58.2,0.0,20
2018-09-08 00:00:00,3,3,100,87,1016,11,0,0,14,0.0,0,3,4,0.0,0,2,1,1.0,766.0,-14,5763,1513,0.0,-0.3,0,19,64.6,0.0,6
2018-09-08 01:00:00,3,2,100,91,1016,11,0,0,15,0.0,1,3,3,0.0,0,2,1,1.0,716.0,-14,5763,1516,0.2,-0.1,0,24,59.5,0.1,13
2018-09-08 02:00:00,3,2,100,95,1016,11,0,-2,15,1.0,1,3,2,0.0,-1,2,0,1.0,700.0,-14,5761,1516,-0.1,-0.5,0,18,58.5,0.1,40
2018-09-08 03:00:00,3,3,100,96,1017,11,0,-2,14,1.0,1,4,1,-1.0,-1,1,0,2.0,669.0,-14,5762,1519,-0.4,-0.5,0,20,66.4,0.2,53
2018-09-08 04:00:00,3,2,100,96,1017,11,0,0,14,0.0,1,3,1,-2.0,-3,1,0,6.0,661.0,-14,5763,1524,-0.7,0.2,0,25,64.7,0.2,60
2018-09-08 05:00:00,2,2,100,93,1017,10,0,0,14,1.0,1,3,2,-1.0,-2,1,-1,5.0,734.0,-14,5763,1525,-0.3,-0.1,0,16,43.0,0.1,40
2018-09-08 06:00:00,3,2,100,82,1017,11,0,0,14,0.0,0,3,3,0.0,0,1,-2,1.0,738.0,-15,5764,1522,0.0,0.1,0,13,14.3,0.0,6
2018-09-08 07:00:00,4,2,100,86,1017,11,0,0,14,0.0,0,4,3,-1.0,-2,1,-2,2.0,702.0,-15,5765,1521,-0.4,-0.1,0,13,6.5,0.0,0
2018-09-08 08:00:00,6,3,99,86,1017,12,0,0,14,-1.0,-1,4,5,-2.0,-3,1,-2,2.0,688.0,-14,5772,1525,-0.8,0.1,0,16,12.7,0.0,6
2018-09-08 09:00:00,6,3,95,85,1017,13,80,-4,14,-1.0,-1,5,6,-2.0,-3,1,-3,2.0,710.0,-14,5775,1525,-0.8,0.6,0,23,27.1,0.1,20
2018-09-08 10:00:00,7,2,88,84,1016,14,80,-7,14,-1.0,-1,5,8,-1.0,-2,1,-3,1.0,730.0,-15,5777,1522,-0.5,0.0,0,34,37.9,0.3,40
2018-09-08 11:00:00,7,2,86,91,1016,15,90,-3,14,-1.0,-1,6,9,-1.0,-1,1,-2,1.0,771.0,-14,5782,1522,-0.4,-0.3,0,34,45.3,0.5,53
2018-09-08 12:00:00,7,3,90,100,1017,14,160,-4,14,-1.0,-1,6,10,-1.0,-1,0,-1,1.0,723.0,-14,5789,1528,-0.5,-0.8,0,27,64.1,0.4,73
2018-09-08 13:00:00,6,4,100,99,1017,13,190,-2,15,-1.0,-1,5,12,-1.0,-2,0,-1,2.0,732.0,-14,5793,1534,-0.6,0.8,0,39,53.5,0.7,93
2018-09-08 14:00:00,6,4,100,94,1017,13,220,-2,14,-1.0,-1,7,12,-2.0,-2,1,0,2.0,797.0,-14,5792,1532,-0.6,0.0,0,25,44.8,0.6,86
2018-09-08 15:00:00,6,4,100,88,1017,14,260,-1,14,-1.0,-1,7,13,-1.0,-2,0,0,1.0,912.0,-14,5793,1531,-0.5,-0.1,0,22,24.8,0.3,73
2018-09-08 16:00:00,7,4,100,82,1017,14,320,-1,13,-1.0,-1,7,14,-1.0,-2,0,-1,1.0,917.0,-14,5800,1535,-0.5,0.0,0,11,31.6,0.2,60
2018-09-08 17:00:00,5,4,100,84,1018,13,290,-2,13,-1.0,-1,7,14,-1.0,-1,0,-1,2.0,915.0,-14,5801,1539,-0.4,0.0,0,10,39.0,0.1,20
2018-09-08 18:00:00,1,0,100,81,1018,13,190,-8,12,-1.0,-2,6,14,0.0,0,-1,-2,2.0,925.0,-14,5799,1539,-0.2,0.3,0,9,44.0,0.0,0
2018-09-08 19:00:00,1,0,100,75,1019,13,130,-21,12,-1.0,-2,6,14,0.0,1,-2,-3,2.0,989.0,-14,5803,1542,0.0,0.3,0,9,50.4,0.0,0
2018-09-08 20:00:00,0,0,100,69,1019,13,50,-54,11,-1.0,-1,5,13,2.0,2,-2,-4,2.0,970.0,-14,5805,1546,0.6,0.0,0,9,73.9,0.0,0
2018-09-08 21:00:00,0,0,100,68,1020,12,0,0,11,0.0,1,5,12,2.0,3,-2,-4,3.1,936.0,-14,5805,1548,1.1,0.0,0,10,64.1,0.0,13
2018-09-08 22:00:00,0,-1,100,71,1020,12,0,0,11,1.0,1,5,10,2.0,2,-2,-5,3.0,892.0,-14,5805,1549,0.9,0.0,0,10,66.7,0.0,0
2018-09-08 23:00:00,-1,-2,100,74,1020,11,0,0,11,1.0,2,5,9,2.0,2,-2,-5,3.0,931.0,-14,5809,1555,0.9,0.1,0,11,63.7,0.0,6
2018-09-09 00:00:00,-1,-2,100,74,1021,11,0,0,11,2.0,2,5,8,2.0,2,-2,-6,3.0,973.0,-14,5811,1558,0.8,0.1,0,9,62.7,0.0,0
2018-09-09 01:00:00,-1,-3,100,69,1021,11,0,0,10,2.0,3,6,8,2.0,3,-2,-6,4.1,999.0,-14,5813,1559,1.1,0.1,0,10,59.0,0.0,0
2018-09-09 02:00:00,-2,-3,100,67,1021,11,0,0,10,2.1,2,6,8,2.1,4,-2,-6,4.3,1006.0,-14,5811,1557,1.3,0.0,0,14,57.2,0.0,0
2018-09-09 03:00:00,-2,-3,100,65,1021,11,0,0,9,2.1,3,7,9,2.1,4,-2,-6,4.3,1019.0,-14,5811,1559,1.3,0.0,0,14,57.7,0.0,0
2018-09-09 04:00:00,-2,-4,100,59,1021,11,0,0,9,2.1,3,7,10,3.2,4,-3,-6,4.3,1014.0,-14,5812,1560,1.3,0.2,0,10,38.3,0.0,0
2018-09-09 05:00:00,2,0,100,48,1021,11,0,0,8,2.0,3,8,10,2.0,3,-3,-5,4.0,1054.0,-14,5813,1560,1.0,0.3,0,10,33.2,0.0,0
2018-09-09 06:00:00,2,0,100,39,1022,11,0,0,7,2.0,2,8,11,1.0,2,-3,-5,3.0,1072.0,-14,5815,1561,0.7,0.3,0,7,32.1,0.0,0
2018-09-09 07:00:00,4,1,100,31,1022,11,0,0,7,2.0,2,8,11,1.0,1,-4,-5,2.0,1062.0,-14,5816,1562,0.4,0.3,0,0,32.2,0.0,0
2018-09-09 08:00:00,6,1,90,27,1021,12,0,0,7,1.0,2,8,11,0.0,-1,-5,-6,2.0,1060.0,-14,5823,1564,0.0,0.2,0,0,28.5,0.0,0
2018-09-09 09:00:00,8,1,77,26,1021,14,0,0,7,1.0,1,7,10,-1.0,-1,-6,-6,2.0,1054.0,-14,5826,1563,-0.2,0.2,0,7,28.2,0.0,0
2018-09-09 10:00:00,10,0,61,45,1020,15,0,0,7,1.0,1,6,8,-1.0,-1,-7,-6,2.0,1033.0,-14,5828,1559,-0.3,0.1,0,10,4.2,0.0,0
2018-09-09 11:00:00,11,-2,55,57,1019,17,0,0,8,1.0,1,5,7,-1.0,-2,-7,-5,3.0,911.0,-14,5831,1557,-0.5,-0.2,0,13,1.6,0.0,0
2018-09-09 12:00:00,11,-3,53,55,1019,17,0,0,8,0.0,0,4,7,-2.0,-2,-8,-4,3.0,879.0,-13,5836,1557,-0.7,-0.8,0,13,0.7,0.0,0
2018-09-09 13:00:00,12,-1,54,58,1018,18,0,0,9,-1.0,-1,3,6,-2.0,-2,-7,-3,2.0,924.0,-13,5840,1556,-0.8,-1.7,0,13,4.2,0.0,0
2018-09-09 14:00:00,12,-1,55,61,1018,18,0,0,9,-1.0,-1,4,6,-2.0,-2,-5,-2,2.0,934.0,-13,5839,1552,-0.8,-1.9,0,13,3.4,0.0,0
2018-09-09 15:00:00,11,0,59,65,1018,18,0,0,10,-1.0,-1,4,6,-1.0,-1,-3,-2,2.0,920.0,-13,5839,1552,-0.6,-2.4,0,12,2.7,0.0,0
2018-09-09 16:00:00,10,1,73,76,1019,17,70,-42,10,-1.0,-1,5,6,0.0,0,-1,-1,1.0,909.0,-13,5844,1560,-0.1,-2.5,0,11,2.3,0.0,6
2018-09-09 17:00:00,7,3,92,82,1020,15,340,-10,10,0.0,0,5,6,0.0,1,0,0,1.0,1166.0,-14,5844,1564,0.1,-0.5,0,10,9.4,0.0,6
2018-09-09 18:00:00,6,5,100,82,1021,14,360,-11,10,0.0,0,5,6,0.0,1,1,1,1.0,1304.0,-14,5843,1566,0.0,-0.2,0,11,29.7,0.0,13
2018-09-09 19:00:00,3,1,100,56,1021,14,290,-31,9,0.0,0,6,6,1.0,1,1,0,1.0,1264.0,-14,5843,1568,0.3,0.6,0,4,17.4,0.0,0
2018-09-09 20:00:00,2,0,100,45,1021,13,240,-51,9,0.0,0,7,8,1.0,1,2,-1,1.0,1221.0,-14,5845,1572,0.3,0.1,0,0,14.1,0.0,0
2018-09-09 21:00:00,1,0,100,50,1022,13,120,-71,9,0.0,0,7,11,0.0,0,2,-2,0.0,1160.0,-14,5843,1573,-0.1,0.0,0,0,16.0,0.0,0
2018-09-09 22:00:00,1,0,100,60,1022,13,40,-82,10,0.0,1,7,12,0.0,-1,1,-3,0.0,1080.0,-14,5840,1573,-0.2,-0.3,0,0,9.9,0.0,0
2018-09-09 23:00:00,0,0,100,73,1022,13,0,0,11,1.0,1,8,12,0.0,0,0,-3,1.0,1041.0,-14,5841,1575,0.1,-0.3,0,0,1.1,0.0,0
2018-09-10 00:00:00,0,-1,100,77,1022,14,40,-46,11,1.0,1,8,13,1.0,2,-1,-3,2.0,1027.0,-14,5842,1575,0.5,0.0,0,0,0.0,0.0,0
2018-09-10 01:00:00,0,-2,100,75,1023,14,60,-38,12,2.0,2,8,14,2.0,3,-2,-3,3.0,990.0,-14,5842,1576,0.9,0.1,0,9,3.7,0.0,0
2018-09-10 02:00:00,0,-2,100,74,1023,14,20,-50,11,2.0,3,8,14,2.0,3,-2,-4,4.1,966.0,-14,5840,1576,1.1,-0.1,0,12,31.9,0.0,0
2018-09-10 03:00:00,0,-2,100,76,1023,13,0,-66,11,2.1,3,8,12,2.1,3,-3,-4,4.2,952.0,-14,5837,1576,1.2,0.0,0,0,34.3,0.0,0
2018-09-10 04:00:00,0,-3,100,76,1023,13,30,-41,11,2.0,3,7,8,2.0,3,-3,-7,4.1,932.0,-14,5837,1578,1.1,0.0,0,0,16.2,0.0,0
2018-09-10 05:00:00,0,-4,95,76,1023,13,10,-73,11,2.0,3,8,5,1.0,2,-3,-10,4.0,960.0,-14,5835,1576,0.8,0.1,0,0,0.0,0.0,0
2018-09-10 06:00:00,4,2,100,68,1023,13,0,0,10,2.0,3,8,4,1.0,1,-4,-12,3.0,1023.0,-14,5836,1576,0.6,0.2,0,0,0.0,0.0,0
2018-09-10 07:00:00,6,2,95,66,1023,13,0,0,10,2.0,2,8,6,0.0,-1,-5,-10,3.0,1034.0,-14,5836,1576,0.0,0.1,0,0,0.0,0.0,0
2018-09-10 08:00:00,8,3,88,63,1023,14,20,-37,10,1.0,1,7,9,-2.0,-2,-6,-9,3.0,1039.0,-14,5842,1580,-0.5,0.1,0,5,0.1,0.0,0
2018-09-10 09:00:00,9,2,77,69,1022,15,10,-40,10,0.0,0,7,9,-2.0,-2,-7,-10,2.0,1039.0,-14,5847,1579,-0.6,-0.1,0,11,0.0,0.0,0
2018-09-10 10:00:00,10,1,69,81,1021,16,0,0,10,0.0,0,6,8,-2.0,-2,-7,-12,2.0,975.0,-14,5848,1575,-0.7,-0.4,0,11,3.0,0.0,0
2018-09-10 11:00:00,11,0,63,75,1020,17,0,-11,11,0.0,0,6,7,-2.0,-3,-6,-14,3.0,853.0,-13,5850,1573,-0.9,-1.2,0,11,0.7,0.0,6
2018-09-10 12:00:00,10,0,61,73,1021,17,0,0,11,-1.0,-1,6,6,-3.0,-3,-6,-17,4.0,895.0,-13,5856,1576,-1.1,-2.3,0,12,0.4,0.0,6
2018-09-10 13:00:00,11,0,60,70,1021,18,0,0,11,-1.0,-1,7,3,-3.0,-4,-6,-19,4.0,933.0,-13,5861,1578,-1.2,-1.6,0,12,0.9,0.0,6
2018-09-10 14:00:00,12,0,59,67,1020,18,0,0,11,-1.0,-1,7,1,-4.0,-4,-6,-21,4.0,936.0,-12,5859,1574,-1.4,-0.7,0,14,30.5,0.1,26
2018-09-10 15:00:00,11,0,61,68,1020,18,0,0,12,-1.0,-1,8,1,-4.0,-5,-7,-23,4.0,928.0,-12,5861,1575,-1.4,-1.5,0,14,19.3,0.0,0
2018-09-10 16:00:00,10,0,68,73,1022,17,0,0,12,-1.0,-1,8,2,-4.0,-5,-7,-25,5.0,889.0,-12,5866,1583,-1.5,-1.7,0,13,28.5,0.0,0
2018-09-10 17:00:00,8,1,82,74,1023,16,0,0,12,-1.0,-1,8,1,-3.0,-4,-7,-26,6.0,884.0,-12,5868,1590,-1.2,-1.0,0,9,0.0,0.0,0
2018-09-10 18:00:00,2,0,100,54,1024,14,0,0,10,0.0,0,8,-1,-2.0,-3,-8,-26,7.0,1035.0,-12,5869,1595,-0.8,-0.4,0,0,1.6,0.0,0
2018-09-10 19:00:00,1,-1,100,24,1024,13,0,0,9,0.0,1,8,-1,-1.0,-2,-8,-23,5.0,1159.0,-11,5875,1601,-0.4,-0.2,0,0,8.4,0.0,0
2018-09-10 20:00:00,0,-2,100,17,1025,13,0,0,8,1.0,1,7,0,-1.0,-1,-9,-21,3.0,1259.0,-11,5881,1604,0.0,-0.1,0,0,6.9,0.0,0
2018-09-10 21:00:00,0,-3,96,26,1025,13,0,0,8,1.0,2,5,2,0.0,0,-9,-21,3.0,1299.0,-11,5883,1605,0.2,-0.2,0,0,5.2,0.0,0
2018-09-10 22:00:00,4,-2,77,40,1025,13,0,0,9,1.0,2,4,-1,1.0,1,-9,-20,4.0,1243.0,-10,5883,1606,0.4,-0.1,0,0,15.9,0.0,0
2018-09-10 23:00:00,0,-6,85,45,1026,12,0,0,10,2.0,2,4,2,0.0,0,-10,-18,4.0,1245.0,-10,5888,1611,0.3,0.1,0,0,26.4,0.0,0
2018-09-11 00:00:00,0,-6,85,42,1026,12,0,0,10,2.0,2,4,1,0.0,0,-10,-17,4.0,1281.0,-10,5892,1613,0.3,0.2,0,0,33.3,0.0,0
2018-09-11 01:00:00,0,-6,85,40,1026,12,0,0,10,2.0,2,3,2,0.0,1,-10,-15,3.0,1274.0,-10,5896,1616,0.4,0.0,0,0,33.2,0.0,0
2018-09-11 02:00:00,0,-6,86,40,1026,12,0,0,11,2.0,2,4,3,1.0,1,-9,-14,3.0,1252.0,-10,5894,1612,0.4,0.0,0,0,33.3,0.0,0
2018-09-11 03:00:00,4,-3,74,41,1026,12,0,0,11,2.0,2,4,4,0.0,0,-7,-14,2.0,1291.0,-10,5896,1612,0.3,0.0,0,0,33.0,0.0,0
2018-09-11 04:00:00,0,-6,86,41,1026,13,0,0,11,2.0,2,5,5,0.0,1,-6,-14,2.0,1370.0,-9,5900,1612,0.3,0.0,0,0,23.1,0.0,0
2018-09-11 05:00:00,4,-3,73,42,1026,13,0,0,11,2.0,2,5,5,1.0,1,-6,-13,3.0,1440.0,-9,5903,1611,0.5,0.0,0,0,17.0,0.0,0
2018-09-11 06:00:00,4,0,89,44,1026,13,0,0,12,2.0,3,6,4,1.0,1,-6,-13,3.0,1505.0,-9,5904,1609,0.6,0.0,0,0,12.8,0.0,0
2018-09-11 07:00:00,6,0,74,45,1026,14,0,0,12,1.0,1,6,4,1.0,1,-6,-11,1.0,1552.0,-9,5906,1608,0.3,0.1,0,0,5.9,0.0,0
2018-09-11 08:00:00,8,0,66,44,1026,15,0,0,12,1.0,1,6,3,-1.0,-1,-6,-10,2.0,1554.0,-9,5915,1614,-0.2,0.2,0,0,14.1,0.0,0
2018-09-11 09:00:00,10,0,62,43,1025,16,0,0,12,1.0,1,6,4,-2.0,-2,-6,-9,2.0,1523.0,-9,5918,1613,-0.5,0.2,0,0,20.4,0.0,0
2018-09-11 10:00:00,11,0,58,46,1025,17,0,0,12,1.0,1,6,4,-2.0,-2,-5,-9,2.0,1529.0,-9,5920,1609,-0.6,0.1,0,0,22.6,0.0,0
2018-09-11 11:00:00,13,0,55,53,1024,18,0,0,12,0.0,0,6,4,-2.0,-2,-5,-8,3.0,1521.0,-9,5923,1608,-0.7,-0.1,0,0,30.6,0.0,0
2018-09-11 12:00:00,13,0,55,59,1024,19,0,0,13,0.0,-1,6,3,-2.0,-3,-5,-7,3.0,1516.0,-9,5929,1609,-0.9,-0.1,0,0,17.4,0.0,0
2018-09-11 13:00:00,13,0,55,61,1024,19,0,0,13,-1.0,-1,6,3,-2.0,-3,-5,-7,3.0,1551.0,-9,5934,1609,-0.9,-0.1,0,0,2.6,0.0,0
2018-09-11 14:00:00,14,0,56,62,1023,20,0,0,14,-2.0,-2,6,4,-2.0,-3,-5,-6,3.0,1607.0,-9,5930,1602,-1.0,-0.3,0,0,2.1,0.0,0
2018-09-11 15:00:00,13,0,58,64,1022,20,0,0,14,-1.0,-2,6,4,-2.0,-2,-5,-5,2.0,1693.0,-9,5930,1600,-0.8,-0.5,0,0,1.7,0.0,0
2018-09-11 16:00:00,12,1,64,67,1023,19,0,0,14,-1.0,-1,6,4,-1.0,-1,-5,-4,2.0,1775.0,-9,5936,1605,-0.5,-1.0,0,0,1.2,0.0,0
2018-09-11 17:00:00,8,4,91,73,1024,18,0,0,14,0.0,0,5,5,1.0,1,-5,-3,1.0,1825.0,-9,5938,1609,0.1,-0.6,0,0,1.7,0.0,0
2018-09-11 18:00:00,5,1,98,65,1024,17,0,0,14,1.0,2,4,5,2.0,2,-5,-3,3.0,1804.0,-9,5935,1608,0.7,0.4,0,0,0.0,0.0,0
2018-09-11 19:00:00,4,1,100,52,1024,17,0,0,13,1.0,2,4,6,2.0,4,-5,-2,4.1,1746.0,-8,5936,1608,1.1,0.3,0,0,0.0,0.0,0
2018-09-11 20:00:00,3,0,100,43,1025,17,0,0,13,1.0,2,4,6,3.1,4,-4,-2,4.2,1745.0,-8,5940,1611,1.2,0.1,0,0,0.0,0.0,0
2018-09-11 21:00:00,3,0,96,44,1025,17,0,0,12,1.0,2,4,7,2.0,3,-3,-2,3.0,1817.0,-8,5940,1611,0.9,-0.1,0,0,0.0,0.0,0
2018-09-11 22:00:00,3,-1,93,51,1025,17,0,0,12,1.0,2,4,7,1.0,2,-2,-1,3.0,1828.0,-9,5937,1609,0.7,0.0,0,0,0.0,0.0,0
2018-09-11 23:00:00,3,-1,91,56,1025,17,0,0,13,2.0,2,4,7,1.0,1,-1,-1,2.0,1792.0,-9,5939,1612,0.4,0.1,0,0,0.0,0.0,0
2018-09-12 00:00:00,2,-2,90,59,1025,17,0,0,13,2.0,2,5,7,0.0,1,-1,0,2.0,1748.0,-9,5939,1615,0.3,0.0,0,0,0.0,0.0,0
2018-09-12 01:00:00,1,-4,88,58,1025,16,0,0,13,2.0,2,5,7,1.0,1,0,0,2.0,1727.0,-9,5938,1615,0.5,0.0,0,0,0.0,0.0,0
2018-09-12 02:00:00,2,-3,86,55,1025,17,0,0,13,2.0,2,5,7,1.0,2,0,1,3.0,1727.0,-9,5931,1609,0.7,0.0,0,0,0.0,0.0,0
2018-09-12 03:00:00,1,-4,85,54,1025,17,0,0,12,2.0,2,5,6,2.0,2,0,2,3.0,1719.0,-9,5929,1607,0.8,-0.1,0,0,0.0,0.0,0
2018-09-12 04:00:00,1,-4,85,51,1025,17,0,0,12,2.0,2,5,6,2.0,3,0,3,4.0,1688.0,-9,5927,1607,1.0,0.0,0,0,0.0,0.0,0
2018-09-12 05:00:00,0,-5,85,47,1024,16,0,0,11,2.1,3,5,5,3.1,4,1,4,4.2,1685.0,-9,5924,1604,1.2,-0.1,0,0,0.0,0.0,0
2018-09-12 06:00:00,6,1,90,45,1024,16,0,0,11,1.1,2,6,4,2.2,4,1,6,5.4,1679.0,-9,5920,1601,1.4,-0.2,0,0,0.0,0.0,0
2018-09-12 07:00:00,9,2,77,47,1024,16,0,0,10,1.0,2,6,4,2.0,3,2,8,3.0,1689.0,-9,5917,1599,0.9,-0.2,0,0,0.0,0.0,0
2018-09-12 08:00:00,11,2,69,49,1024,17,0,0,10,2.0,2,6,4,2.0,2,3,9,3.0,1710.0,-9,5922,1601,0.7,-0.3,0,0,0.0,0.0,0
2018-09-12 09:00:00,12,2,65,54,1023,18,0,0,10,1.0,2,7,4,1.0,1,4,11,2.0,1690.0,-9,5920,1597,0.4,-0.4,0,0,0.0,0.0,0
2018-09-12 10:00:00,13,2,61,72,1022,19,0,0,11,2.0,2,7,5,1.0,1,5,13,3.0,1622.0,-9,5915,1592,0.4,-1.0,0,0,0.0,0.0,0
2018-09-12 11:00:00,13,1,61,74,1021,19,0,-4,12,2.0,3,8,4,2.0,2,6,14,3.0,1278.0,-9,5912,1589,0.7,-1.2,0,10,0.0,0.0,0
2018-09-12 12:00:00,14,3,63,78,1021,20,10,-109,13,2.0,2,8,5,2.0,2,7,17,3.0,1270.0,-9,5912,1588,0.7,-0.7,0,14,3.6,0.0,0
2018-09-12 13:00:00,12,2,68,83,1020,19,80,-32,14,2.0,2,8,6,2.0,2,9,20,3.0,1321.0,-10,5908,1587,0.7,-1.1,0,14,14.2,0.0,0
2018-09-12 14:00:00,12,4,72,84,1020,19,210,-3,14,2.0,3,9,10,1.0,2,8,18,3.0,1377.0,-10,5898,1579,0.6,-1.0,0,13,22.1,0.0,6
2018-09-12 15:00:00,11,5,86,89,1019,19,380,-7,14,1.0,2,9,11,1.0,1,7,16,4.0,1456.0,-11,5893,1576,0.4,-1.1,0,12,27.3,0.1,33
2018-09-12 16:00:00,9,6,100,97,1020,17,400,-7,15,0.0,1,10,12,0.0,0,6,11,1.0,1494.0,-11,5891,1579,0.0,-1.7,0,11,33.9,0.1,26
2018-09-12 17:00:00,9,6,100,96,1020,17,510,-6,14,0.0,0,10,15,0.0,0,5,6,0.0,1494.0,-11,5887,1578,0.0,-0.4,0,14,6.3,0.1,26
2018-09-12 18:00:00,8,6,100,89,1020,16,480,-6,14,1.0,1,9,16,0.0,0,4,4,2.0,1447.0,-11,5879,1576,-0.1,0.3,0,11,12.7,0.0,6
2018-09-12 19:00:00,7,6,100,78,1021,15,450,-9,14,1.0,1,9,17,0.0,0,4,4,1.0,1373.0,-12,5875,1578,-0.1,0.6,0,7,39.5,0.0,6
2018-09-12 20:00:00,3,2,100,66,1021,15,360,-15,13,0.0,0,10,18,1.0,1,2,4,1.0,1301.0,-12,5873,1579,0.4,0.2,0,6,43.1,0.0,6
2018-09-12 21:00:00,2,1,100,67,1021,14,310,-25,13,0.0,0,10,20,1.0,1,1,5,1.0,1224.0,-12,5869,1577,0.5,0.1,0,0,43.8,0.0,0
2018-09-12 22:00:00,3,1,100,72,1020,15,280,-26,14,1.0,1,9,22,0.0,0,0,6,1.0,1217.0,-12,5863,1572,0.2,0.1,0,0,35.4,0.0,0
2018-09-12 23:00:00,2,1,100,75,1020,14,260,-25,14,0.0,1,9,23,-1.0,-1,-1,7,1.0,1216.0,-12,5862,1573,-0.2,0.0,0,0,33.2,0.0,0
2018-09-13 00:00:00,2,0,100,74,1020,15,210,-27,14,0.0,1,9,22,-1.0,-1,-1,6,1.0,1191.0,-12,5860,1572,-0.1,0.1,0,6,42.6,0.0,0
2018-09-13 01:00:00,0,-1,100,72,1020,14,180,-27,13,0.0,0,8,21,0.0,-1,-1,5,1.0,1244.0,-12,5857,1570,-0.1,0.2,0,12,41.2,0.0,0
2018-09-13 02:00:00,1,0,100,70,1019,15,160,-36,13,0.0,0,8,19,0.0,0,-2,4,0.0,1247.0,-13,5850,1564,0.0,0.0,0,13,26.6,0.0,0
2018-09-13 03:00:00,1,-1,100,71,1019,15,120,-36,14,1.0,1,6,16,0.0,0,-2,3,1.0,1197.0,-13,5846,1561,0.0,-0.1,0,11,15.4,0.0,0
2018-09-13 04:00:00,0,-1,100,72,1019,14,70,-46,14,1.0,1,6,15,0.0,0,-1,2,1.0,1180.0,-13,5843,1559,0.1,0.1,0,7,4.9,0.0,0
2018-09-13 05:00:00,0,-2,99,69,1019,14,50,-72,14,1.0,1,7,13,0.0,0,0,0,1.0,1260.0,-13,5839,1554,0.2,0.1,0,7,4.6,0.0,0
2018-09-13 06:00:00,5,4,100,63,1018,14,30,-86,14,1.0,1,6,11,1.0,1,0,-1,1.0,1265.0,-13,5835,1548,0.3,0.3,0,9,4.6,0.0,0
2018-09-13 07:00:00,7,4,100,61,1017,15,80,-52,14,0.0,0,6,9,1.0,1,0,-2,1.0,1208.0,-13,5831,1544,0.2,0.0,0,0,4.6,0.0,0
2018-09-13 08:00:00,9,5,91,67,1017,16,220,-14,14,1.0,1,6,8,0.0,0,0,-3,2.0,1155.0,-12,5836,1546,-0.1,-0.1,0,0,0.0,0.0,0
2018-09-13 09:00:00,10,4,81,82,1017,17,230,-7,15,1.0,1,5,8,-1.0,-1,0,-3,2.0,1132.0,-12,5835,1543,-0.3,0.1,0,11,2.2,0.0,0
2018-09-13 10:00:00,9,4,86,89,1016,17,210,-9,16,1.0,1,4,7,-1.0,-1,0,-3,2.0,1128.0,-12,5832,1539,-0.4,0.2,0,13,16.8,0.1,40
2018-09-13 11:00:00,11,4,80,91,1015,17,240,-10,16,2.0,2,4,7,0.0,0,1,-4,2.0,1092.0,-12,5831,1535,0.1,-0.4,0,0,37.4,0.3,93
2018-09-13 12:00:00,9,5,90,96,1016,16,240,-3,17,3.0,3,6,6,1.0,1,1,-4,4.0,1280.0,-12,5835,1541,0.4,-0.1,0,11,37.7,0.5,93
2018-09-13 13:00:00,9,5,93,91,1016,16,290,-6,17,1.0,2,6,6,0.0,0,1,-3,2.0,1225.0,-12,5835,1540,0.1,-0.2,0,0,39.1,0.2,80
2018-09-13 14:00:00,9,5,92,89,1015,16,300,-4,17,2.0,2,7,6,1.0,1,2,-2,3.0,1202.0,-12,5824,1531,0.4,0.1,0,7,43.3,0.3,80
2018-09-13 15:00:00,8,6,100,90,1015,16,340,-3,18,1.0,2,7,7,1.0,1,2,-1,3.0,1145.0,-12,5820,1527,0.3,-0.6,0,10,56.4,0.4,86
2018-09-13 16:00:00,7,6,100,91,1016,16,340,-7,18,1.0,1,9,7,1.0,1,2,0,3.0,1187.0,-12,5823,1531,0.3,-0.3,0,10,78.9,0.6,80
2018-09-13 17:00:00,5,4,100,88,1016,15,280,-13,18,1.0,1,9,9,1.0,1,2,1,2.0,1171.0,-12,5821,1530,0.3,0.0,0,6,79.6,0.2,46
2018-09-13 18:00:00,3,2,100,84,1015,15,220,-18,18,1.0,2,9,10,2.0,3,2,1,3.0,1177.0,-12,5814,1525,0.8,0.2,0,7,84.8,0.0,6
2018-09-13 19:00:00,3,3,100,82,1015,15,110,-42,18,1.1,2,11,11,2.2,4,2,1,5.4,1156.0,-12,5812,1522,1.4,-0.2,0,11,88.9,0.0,0
2018-09-13 20:00:00,3,3,100,85,1015,15,90,-35,18,1.1,2,10,12,3.3,5,1,1,5.4,1132.0,-12,5812,1525,1.4,-0.2,0,10,66.6,0.0,0
2018-09-13 21:00:00,2,1,100,86,1015,14,40,-31,17,1.1,3,9,13,2.2,4,1,1,5.4,1128.0,-12,5807,1525,1.4,-0.4,0,13,53.8,0.0,0
2018-09-13 22:00:00,2,2,100,84,1015,14,10,-44,16,1.1,2,10,14,3.4,5,1,-1,5.6,1137.0,-12,5800,1516,1.6,0.0,0,15,48.1,0.0,0
2018-09-13 23:00:00,3,2,100,79,1015,14,0,0,16,1.1,2,10,15,3.4,5,2,-1,5.6,1143.0,-12,5800,1516,1.6,0.2,0,16,52.6,0.0,0
2018-09-14 00:00:00,2,2,100,86,1015,14,20,-10,17,1.1,2,9,15,3.3,5,4,-3,5.5,1094.0,-12,5798,1518,1.5,-0.1,0,16,83.6,0.0,0
2018-09-14 01:00:00,4,3,100,91,1015,14,20,-4,18,1.1,2,10,14,3.2,4,7,-3,5.3,1012.0,-12,5795,1517,1.3,0.2,0,27,80.4,0.0,20
2018-09-14 02:00:00,4,3,100,97,1015,13,10,-15,19,2.0,3,13,12,2.0,3,6,-3,4.0,915.0,-12,5788,1517,0.9,1.2,0,36,85.4,0.9,60
2018-09-14 03:00:00,4,3,100,87,1015,13,0,0,18,2.0,3,11,14,2.0,3,1,-1,7.0,1059.0,-12,5789,1516,1.0,3.1,0,35,87.8,2.1,86
2018-09-14 04:00:00,4,3,100,92,1016,13,0,0,18,1.0,2,10,16,2.0,3,-3,0,7.2,925.0,-12,5787,1515,1.1,1.0,0,31,88.1,2.2,100
2018-09-14 05:00:00,4,3,100,100,1015,13,30,0,18,1.0,2,10,17,1.0,3,3,0,5.0,915.0,-13,5783,1513,0.9,-1.2,0,22,90.8,0.7,86
2018-09-14 06:00:00,4,4,100,100,1015,13,20,-6,18,1.0,1,10,18,1.0,2,5,0,4.0,889.0,-13,5779,1512,0.7,-2.4,0,36,91.4,0.6,86
2018-09-14 07:00:00,4,4,100,93,1016,12,20,-1,17,2.0,3,3,20,-1.0,-1,-1,0,5.0,905.0,-12,5778,1520,0.0,2.8,0,42,87.9,3.4,100
2018-09-14 08:00:00,5,4,100,98,1017,13,10,-5,17,-1.0,-1,8,19,0.0,0,4,0,1.0,793.0,-13,5786,1524,0.1,-0.3,0,35,83.4,2.9,100
2018-09-14 09:00:00,6,4,100,96,1016,13,30,-2,16,0.0,0,10,19,-1.0,-1,4,-1,2.0,845.0,-13,5787,1524,-0.4,-0.3,0,23,53.3,0.2,80
2018-09-14 10:00:00,6,4,100,93,1016,14,130,-2,15,0.0,0,12,19,-2.0,-2,2,-2,3.0,890.0,-13,5788,1523,-0.6,-0.3,0,14,22.7,0.2,66
2018-09-14 11:00:00,6,5,100,93,1016,13,130,-2,14,0.0,0,12,20,-2.0,-3,0,-2,3.0,911.0,-13,5790,1526,-0.7,-0.2,0,14,20.1,0.2,73
2018-09-14 12:00:00,7,5,100,88,1016,14,150,-1,13,0.0,0,11,20,-2.0,-3,-1,-4,3.0,915.0,-13,5795,1529,-0.7,-0.3,0,14,11.2,0.2,80
2018-09-14 13:00:00,7,5,100,87,1016,14,170,-4,13,-1.0,-1,11,21,-2.0,-2,-2,-5,3.0,905.0,-12,5799,1529,-0.7,-0.6,0,13,7.8,0.2,73
2018-09-14 14:00:00,8,5,95,88,1015,15,170,-2,12,-1.0,-1,10,22,-2.0,-3,-2,-6,3.0,890.0,-13,5796,1524,-0.8,-0.1,0,14,17.5,0.2,80
2018-09-14 15:00:00,8,4,94,85,1015,15,140,-2,12,0.0,0,10,22,-2.0,-3,-3,-6,3.0,900.0,-12,5797,1523,-0.8,0.2,0,13,14.8,0.2,73
2018-09-14 16:00:00,7,4,96,83,1016,15,140,-2,11,-1.0,-1,10,22,-2.0,-3,-4,-6,3.0,910.0,-12,5802,1527,-0.8,0.0,0,14,10.1,0.1,46
2018-09-14 17:00:00,4,3,100,81,1016,14,60,-21,11,-1.0,-1,9,21,-1.0,-2,-4,-6,3.0,916.0,-12,5803,1530,-0.5,0.0,0,16,8.1,0.1,33
2018-09-14 18:00:00,2,0,100,80,1017,13,0,0,11,0.0,0,9,21,-1.0,-2,-4,-7,3.0,913.0,-12,5801,1532,-0.5,0.0,0,15,13.0,0.0,26
2018-09-14 19:00:00,1,0,100,78,1017,13,0,0,11,1.0,1,8,21,-2.0,-3,-3,-7,3.0,912.0,-12,5802,1537,-0.6,0.0,0,17,15.4,0.0,13
2018-09-14 20:00:00,0,0,100,77,1018,12,0,0,11,1.0,2,8,21,-1.0,-2,-2,-7,2.0,875.0,-12,5804,1542,-0.3,0.0,0,18,36.7,0.0,20
2018-09-14 21:00:00,0,-1,100,78,1018,12,0,0,11,1.0,2,8,22,0.0,0,0,-7,2.0,836.0,-12,5803,1543,0.1,-0.1,0,16,48.0,0.0,13
2018-09-14 22:00:00,0,-1,100,79,1019,11,0,0,10,1.0,1,9,23,1.0,1,1,-7,2.0,838.0,-12,5800,1544,0.4,0.0,0,15,47.5,0.0,13
2018-09-14 23:00:00,-1,-3,100,79,1019,11,0,0,10,1.0,2,11,23,1.0,1,1,-9,2.0,824.0,-12,5802,1548,0.4,0.0,0,11,32.9,0.0,0
2018-09-15 00:00:00,-1,-3,100,80,1020,11,0,0,10,1.0,2,12,23,1.0,1,1,-9,2.0,806.0,-13,5802,1550,0.5,0.0,0,12,32.7,0.0,6
2018-09-15 01:00:00,-1,-3,100,81,1020,11,0,0,10,2.0,2,13,23,1.0,2,0,-8,3.0,799.0,-13,5802,1550,0.7,0.0,0,11,34.8,0.0,0
2018-09-15 02:00:00,-2,-3,100,83,1020,11,0,0,10,2.0,2,14,24,1.0,2,-1,-8,3.0,812.0,-13,5799,1548,0.7,0.0,0,10,34.8,0.0,0
2018-09-15 03:00:00,-2,-3,100,84,1020,11,0,0,10,2.0,2,14,24,1.0,2,-2,-7,3.0,838.0,-13,5798,1548,0.7,0.0,0,10,34.6,0.0,0
2018-09-15 04:00:00,-2,-3,100,85,1020,11,0,0,9,2.0,2,13,24,1.0,2,-3,-7,3.0,797.0,-13,5798,1549,0.7,-0.1,0,11,33.6,0.0,6
2018-09-15 05:00:00,-2,-3,100,89,1021,11,0,0,9,2.0,2,13,24,1.0,1,-4,-7,3.0,740.0,-13,5796,1550,0.6,-0.1,0,8,33.1,0.0,0
2018-09-15 06:00:00,1,0,100,89,1021,11,0,0,8,2.0,2,12,24,1.0,1,-4,-7,2.0,769.0,-13,5796,1550,0.5,0.1,0,9,32.5,0.0,0
2018-09-15 07:00:00,3,0,98,76,1021,11,0,0,8,1.0,1,11,23,0.0,0,-5,-7,1.0,856.0,-13,5797,1550,0.0,0.1,0,0,19.3,0.0,0
2018-09-15 08:00:00,5,1,89,64,1021,12,0,0,8,1.0,1,11,21,-1.0,-2,-5,-6,1.0,893.0,-13,5806,1556,-0.5,0.0,0,5,0.0,0.0,0
2018-09-15 09:00:00,7,1,82,64,1020,13,0,0,8,1.0,1,10,20,-1.0,-2,-6,-6,1.0,923.0,-13,5812,1556,-0.4,0.0,0,13,0.0,0.0,0
2018-09-15 10:00:00,9,1,74,76,1019,14,0,0,8,1.0,1,9,20,-1.0,-1,-6,-5,2.0,882.0,-13,5813,1552,-0.4,0.0,0,16,4.3,0.0,0
2018-09-15 11:00:00,10,0,68,82,1019,16,0,-12,9,1.0,1,8,19,-1.0,-1,-7,-5,3.0,730.0,-13,5817,1549,-0.4,-0.4,0,16,5.0,0.0,0
2018-09-15 12:00:00,10,0,63,74,1019,17,0,-10,9,1.0,1,7,18,-1.0,-1,-7,-5,3.0,788.0,-13,5826,1551,-0.4,-1.7,0,16,4.2,0.0,6
2018-09-15 13:00:00,11,0,62,72,1019,17,10,-3,10,1.0,1,6,18,-1.0,-1,-8,-5,2.0,831.0,-13,5832,1551,-0.2,-2.9,0,16,9.9,0.0,6
2018-09-15 14:00:00,10,0,67,78,1018,17,10,-8,10,1.0,2,6,16,1.0,1,-8,-6,2.0,823.0,-12,5829,1546,0.1,-2.8,0,15,9.1,0.0,6
2018-09-15 15:00:00,9,2,80,89,1019,16,130,-28,11,2.0,3,5,15,2.0,2,-7,-7,3.0,832.0,-12,5831,1549,0.7,-1.3,0,15,3.0,0.0,13
2018-09-15 16:00:00,8,4,92,89,1020,15,280,-13,12,2.0,3,4,12,2.0,3,-6,-8,5.0,873.0,-12,5837,1556,0.9,-0.9,0,14,12.6,0.0,20
2018-09-15 17:00:00,6,4,100,92,1021,14,200,-22,11,1.0,1,4,9,2.0,2,-5,-8,4.0,1063.0,-13,5840,1561,0.7,-0.6,0,12,22.2,0.0,13
2018-09-15 18:00:00,5,4,100,84,1021,13,60,-63,10,1.0,1,5,5,1.0,2,-4,-9,3.0,1358.0,-13,5840,1563,0.7,0.2,0,16,36.4,0.1,20
2018-09-15 19:00:00,1,0,100,68,1022,13,20,-96,9,1.0,1,5,3,2.0,3,-4,-9,3.0,1350.0,-13,5843,1566,0.8,0.3,0,12,32.2,0.0,20
2018-09-15 20:00:00,1,0,100,59,1023,13,0,0,9,1.0,1,6,1,2.0,3,-3,-8,3.0,1307.0,-13,5847,1572,0.9,0.2,0,8,36.2,0.0,0
2018-09-15 21:00:00,0,0,100,55,1023,13,0,0,8,1.0,1,6,-1,3.1,4,-4,-7,4.1,1259.0,-13,5847,1573,1.1,-0.1,0,7,31.4,0.0,0
2018-09-15 22:00:00,0,0,100,53,1023,13,0,0,8,1.1,2,6,-1,3.4,5,-4,-6,5.6,1180.0,-12,5845,1571,1.6,-0.3,0,0,40.3,0.0,6
2018-09-15 23:00:00,0,0,100,51,1023,13,0,0,8,1.1,2,6,-1,3.4,5,-3,-5,5.6,1106.0,-12,5848,1574,1.6,-0.5,0,0,31.3,0.0,0
2018-09-16 00:00:00,0,-2,100,45,1023,13,0,0,7,2.2,2,6,-1,3.4,5,-2,-4,5.6,1132.0,-12,5850,1577,1.6,-0.4,0,11,24.8,0.0,0
2018-09-16 01:00:00,0,-3,100,42,1023,13,0,0,6,2.3,3,6,-1,3.4,5,-2,-2,6.9,1172.0,-12,5852,1577,1.7,-0.2,0,0,8.2,0.0,0
2018-09-16 02:00:00,0,-3,100,48,1023,13,0,0,7,1.2,2,6,-1,3.5,6,-1,-1,7.0,1216.0,-12,5847,1572,1.9,0.0,0,0,4.2,0.0,0
2018-09-16 03:00:00,0,-2,100,48,1023,13,0,0,7,1.2,2,5,-1,4.8,7,-1,0,8.3,1270.0,-12,5847,1571,2.0,0.1,0,0,0.0,0.0,0
2018-09-16 04:00:00,0,-1,100,48,1023,13,0,0,7,1.2,2,5,0,4.8,7,-1,1,8.3,1276.0,-12,5848,1572,2.0,0.1,0,0,0.0,0.0,0
2018-09-16 05:00:00,0,-1,100,48,1023,12,0,0,8,1.2,2,5,0,4.8,6,0,2,8.3,1265.0,-12,5847,1572,2.0,0.1,0,0,0.0,0.0,0
2018-09-16 06:00:00,3,0,100,48,1023,12,0,0,8,1.1,2,5,-1,4.5,5,0,2,9.0,1250.0,-12,5845,1571,1.6,0.2,0,0,0.0,0.0,0
2018-09-16 07:00:00,5,2,95,52,1023,12,0,0,8,2.2,2,5,-1,4.4,5,0,3,6.6,1245.0,-12,5844,1570,1.5,0.0,0,0,0.0,0.0,0
2018-09-16 08:00:00,7,2,88,55,1023,13,0,0,9,3.4,3,6,-1,4.5,5,0,4,6.7,1253.0,-12,5852,1575,1.6,-0.3,0,0,0.0,0.0,0
2018-09-16 09:00:00,9,2,80,60,1022,15,0,0,9,3.1,3,6,-1,3.1,3,0,5,5.2,1228.0,-12,5854,1574,1.2,-0.2,0,0,0.0,0.0,0
2018-09-16 10:00:00,10,2,75,86,1021,16,0,-2,10,2.0,3,6,0,2.0,2,0,7,4.0,1211.0,-12,5853,1570,0.8,0.0,0,10,3.3,0.0,0
2018-09-16 11:00:00,10,2,75,90,1021,16,60,-30,11,2.0,2,6,1,2.0,2,0,7,3.0,1001.0,-13,5854,1568,0.6,-0.8,0,13,3.0,0.0,6
2018-09-16 12:00:00,10,3,80,94,1021,16,170,-7,12,2.0,2,7,2,1.0,2,1,7,3.0,1021.0,-12,5859,1572,0.5,-1.1,0,15,7.2,0.0,6
2018-09-16 13:00:00,9,4,84,96,1021,16,250,-4,13,2.0,3,7,3,2.0,2,1,6,4.0,1075.0,-12,5861,1574,0.7,-0.9,0,16,22.4,0.1,26
2018-09-16 14:00:00,9,4,87,90,1020,16,340,-4,13,3.0,3,7,4,2.0,3,1,4,5.0,1133.0,-12,5856,1566,1.0,-0.5,0,14,10.5,0.1,40
2018-09-16 15:00:00,9,4,90,89,1020,16,260,-11,13,2.1,3,7,5,3.1,4,1,2,6.3,1163.0,-12,5854,1566,1.2,-1.0,0,15,17.2,0.1,26
2018-09-16 16:00:00,8,4,91,89,1021,15,120,-27,13,3.4,3,7,7,4.5,5,1,0,7.9,1127.0,-12,5858,1573,1.6,-0.1,0,16,17.7,0.1,26
2018-09-16 17:00:00,5,3,100,76,1022,14,10,-135,12,1.0,2,7,7,2.1,4,1,-2,8.4,1145.0,-12,5858,1577,1.2,0.0,0,15,22.1,0.0,13
2018-09-16 18:00:00,3,3,100,66,1022,13,0,0,11,2.2,3,8,8,3.4,5,0,-3,9.0,1190.0,-12,5855,1577,1.6,0.2,0,6,28.3,0.0,0
2018-09-16 19:00:00,3,2,100,62,1022,12,0,0,11,2.2,3,8,9,3.4,5,0,-4,9.0,1197.0,-12,5856,1579,1.6,0.4,0,0,28.4,0.0,0
2018-09-16 20:00:00,2,2,100,59,1023,12,0,0,11,2.2,3,8,10,3.4,5,-1,-3,5.6,1182.0,-12,5857,1580,1.6,0.3,0,10,26.6,0.0,0
2018-09-16 21:00:00,2,1,100,59,1023,12,0,0,11,2.2,3,8,10,3.4,5,-2,-2,5.6,1145.0,-12,5856,1579,1.6,0.0,0,12,21.6,0.0,0
2018-09-16 22:00:00,1,0,100,64,1022,12,0,0,11,1.1,2,7,10,3.4,5,-3,-2,6.9,1111.0,-12,5853,1577,1.7,-0.1,0,0,13.8,0.0,0
2018-09-16 23:00:00,1,0,100,71,1023,13,0,0,11,1.2,2,6,11,3.5,5,-2,-1,6.9,1114.0,-12,5856,1579,1.8,-0.3,0,0,13.2,0.0,0
2018-09-17 00:00:00,0,0,100,79,1023,13,0,0,11,1.1,2,6,11,3.4,5,0,0,6.9,1182.0,-12,5855,1580,1.7,-0.4,0,0,29.5,0.0,0
2018-09-17 01:00:00,0,-2,100,81,1023,13,0,0,11,1.1,2,7,11,3.3,5,1,0,5.5,1212.0,-13,5854,1580,1.5,-0.3,0,0,23.7,0.0,0
2018-09-17 02:00:00,0,-2,100,73,1023,13,0,0,10,1.1,2,7,10,3.2,4,2,-1,6.4,1224.0,-13,5851,1579,1.3,-0.1,0,0,1.4,0.0,0
2018-09-17 03:00:00,0,-3,99,60,1023,13,0,0,10,1.1,2,8,10,3.2,4,2,-1,5.3,1220.0,-13,5852,1579,1.3,0.1,0,0,13.8,0.0,0
2018-09-17 04:00:00,0,-4,96,57,1023,13,0,0,10,1.0,2,8,10,3.1,4,2,-1,5.2,1167.0,-13,5851,1580,1.2,0.0,0,0,14.8,0.0,0
2018-09-17 05:00:00,0,-4,94,59,1023,13,0,0,9,1.0,2,8,10,2.0,3,2,-2,4.1,1144.0,-13,5848,1578,1.1,0.1,0,0,1.4,0.0,0
2018-09-17 06:00:00,3,1,100,58,1023,13,0,0,9,1.0,2,7,10,2.0,3,3,-2,3.0,1145.0,-13,5848,1577,1.0,0.0,0,0,0.1,0.0,0
2018-09-17 07:00:00,6,1,87,60,1023,13,0,0,9,1.0,1,7,10,1.0,2,3,-2,2.0,1115.0,-12,5848,1577,0.5,-0.2,0,0,2.8,0.0,0
2018-09-17 08:00:00,8,1,77,61,1023,14,0,0,9,2.0,2,6,9,1.0,1,3,-3,3.0,1120.0,-12,5849,1575,0.4,-0.2,0,0,16.1,0.0,0
2018-09-17 09:00:00,9,0,70,71,1022,15,0,0,10,2.0,2,6,9,1.0,1,2,-2,3.0,1113.0,-12,5850,1573,0.4,-0.5,0,6,31.0,0.0,0
2018-09-17 10:00:00,10,0,67,79,1021,16,0,0,11,1.0,2,5,8,1.0,2,2,-1,2.0,1018.0,-12,5850,1569,0.4,-0.9,0,11,33.1,0.0,0
2018-09-17 11:00:00,11,1,64,76,1020,17,0,0,12,1.0,1,4,8,1.0,2,2,-1,2.0,907.0,-12,5852,1567,0.5,-0.8,0,12,33.0,0.0,0
2018-09-17 12:00:00,11,1,65,77,1019,17,10,-8,13,1.0,1,4,8,1.0,1,2,-2,2.0,927.0,-12,5854,1566,0.2,-2.2,0,14,33.3,0.0,0
2018-09-17 13:00:00,11,2,70,85,1019,17,20,-12,15,1.0,1,4,9,0.0,0,2,-2,1.0,946.0,-12,5855,1566,0.0,-2.3,0,13,33.7,0.0,0
2018-09-17 14:00:00,9,3,83,91,1019,17,90,-4,15,0.0,0,3,9,0.0,0,2,-2,1.0,1008.0,-12,5850,1562,-0.3,-1.3,0,11,37.3,0.0,13
2018-09-17 15:00:00,9,3,86,93,1019,16,140,-4,16,1.0,1,3,10,1.0,1,2,-2,3.0,1072.0,-12,5847,1560,0.2,-0.9,0,12,38.2,0.2,33
2018-09-17 16:00:00,8,4,93,86,1019,15,120,-8,16,1.0,2,3,10,1.0,2,2,-3,5.0,1095.0,-12,5848,1562,0.6,-0.3,0,13,24.8,0.2,33
2018-09-17 17:00:00,4,3,100,83,1020,15,0,0,16,1.0,2,3,10,2.0,3,2,-3,5.0,1084.0,-12,5848,1565,0.9,-0.2,0,14,23.9,0.1,13
2018-09-17 18:00:00,2,1,100,80,1020,14,0,0,15,1.0,2,5,10,2.1,4,2,-4,7.3,1107.0,-12,5845,1563,1.2,-0.2,0,12,38.5,0.0,0
2018-09-17 19:00:00,2,2,100,72,1020,13,0,0,14,2.2,3,5,10,3.3,5,1,-5,5.4,1067.0,-11,5845,1563,1.4,-0.4,0,9,50.9,0.0,0
2018-09-17 20:00:00,2,2,100,65,1021,13,0,0,14,2.2,3,4,10,3.3,5,1,-6,5.4,1048.0,-11,5847,1567,1.4,-0.3,0,5,52.2,0.0,0
2018-09-17 21:00:00,2,1,100,56,1021,13,0,0,13,1.1,2,4,11,3.3,5,1,-7,5.4,1098.0,-11,5848,1565,1.4,-0.7,0,0,45.4,0.0,0
2018-09-17 22:00:00,1,0,100,52,1021,13,0,0,12,1.0,1,4,11,3.1,4,1,-7,4.2,1102.0,-11,5846,1563,1.2,-1.1,0,0,47.3,0.0,0
2018-09-17 23:00:00,1,0,100,52,1021,13,0,0,12,1.1,1,4,9,3.2,5,1,-5,5.3,1109.0,-11,5848,1563,1.3,-0.8,0,0,38.3,0.0,0
2018-09-18 00:00:00,0,-1,100,55,1021,13,0,0,13,1.1,1,4,7,3.3,5,1,-4,5.4,1201.0,-12,5849,1565,1.4,-0.6,0,0,34.6,0.0,0
2018-09-18 01:00:00,1,0,100,55,1021,13,0,0,14,1.1,1,5,7,3.4,5,1,-2,5.6,1205.0,-12,5848,1562,1.6,-0.4,0,0,33.9,0.0,0
2018-09-18 02:00:00,1,0,100,58,1020,13,0,0,14,1.1,1,4,6,3.4,6,2,-1,5.6,1174.0,-12,5843,1557,1.6,-0.6,0,0,38.0,0.0,0
2018-09-18 03:00:00,0,0,100,65,1020,13,0,0,15,1.1,1,3,5,3.4,5,3,-1,10.1,1128.0,-12,5841,1556,1.6,-0.5,0,0,40.1,0.0,0
2018-09-18 04:00:00,0,-1,100,66,1021,13,0,0,15,1.1,2,3,5,3.3,5,4,0,10.0,1099.0,-11,5841,1559,1.5,-0.3,0,3,56.2,0.0,0
2018-09-18 05:00:00,0,-1,100,60,1021,12,0,0,14,1.0,2,3,4,3.1,4,5,2,10.5,1101.0,-11,5837,1560,1.2,-0.2,0,3,59.7,0.0,0
2018-09-18 06:00:00,3,2,100,57,1021,12,0,0,14,1.0,1,3,3,2.0,3,6,3,9.0,1108.0,-11,5834,1559,1.0,-0.1,0,1,65.5,0.0,0
2018-09-18 07:00:00,5,4,100,65,1021,12,0,0,14,1.0,2,3,5,3.1,4,7,4,7.3,1124.0,-11,5833,1558,1.2,-0.3,0,11,71.0,0.0,0
2018-09-18 08:00:00,7,5,100,77,1020,14,10,-40,16,1.1,1,3,6,4.5,5,7,5,7.9,1144.0,-11,5837,1559,1.6,-0.2,0,14,81.5,0.0,20
2018-09-18 09:00:00,8,5,97,79,1020,14,20,-40,16,2.3,3,3,5,5.8,6,8,6,8.1,1190.0,-12,5837,1560,1.8,0.1,0,13,81.1,0.0,20
2018-09-18 10:00:00,9,4,87,87,1019,15,40,-25,17,3.4,3,3,4,4.6,5,8,6,8.0,1197.0,-12,5837,1557,1.7,0.2,0,14,61.1,0.0,13
2018-09-18 11:00:00,10,4,81,91,1019,16,40,-6,18,2.2,3,3,4,4.4,5,8,6,7.7,1152.0,-12,5839,1555,1.5,0.0,0,14,52.6,0.1,33
2018-09-18 12:00:00,10,4,81,91,1019,16,50,-5,18,2.1,3,3,4,4.3,4,7,6,6.4,1116.0,-12,5843,1556,1.3,-0.4,0,16,57.2,0.1,26
2018-09-18 13:00:00,10,4,79,89,1019,16,60,-7,18,2.2,3,4,4,4.4,5,7,7,7.6,1126.0,-12,5845,1555,1.4,-0.1,0,15,29.7,0.2,73
2018-09-18 14:00:00,10,4,81,86,1019,16,60,-7,17,2.2,3,5,2,4.4,5,5,7,6.5,1173.0,-12,5841,1551,1.4,-0.1,0,13,21.1,0.2,33
2018-09-18 15:00:00,9,4,85,86,1019,16,50,-12,16,3.3,3,5,2,4.4,4,3,7,6.5,1156.0,-12,5840,1551,1.4,0.0,0,18,21.4,0.1,26
2018-09-18 16:00:00,8,4,93,87,1019,15,40,-10,17,3.4,3,5,1,4.5,5,2,8,7.9,1140.0,-12,5842,1557,1.6,0.4,0,19,30.9,0.2,53
2018-09-18 17:00:00,5,4,100,84,1020,14,20,-25,17,1.0,2,6,1,2.0,3,2,7,6.0,1133.0,-12,5842,1561,1.0,0.5,0,19,42.9,0.1,53
2018-09-18 18:00:00,3,2,100,84,1020,13,0,-47,17,1.1,2,5,3,2.2,4,3,4,5.4,1151.0,-12,5840,1560,1.4,0.7,0,19,45.2,0.1,33
2018-09-18 19:00:00,3,2,100,80,1020,13,0,0,16,1.1,3,6,4,2.1,4,3,-2,5.3,1153.0,-12,5842,1561,1.3,0.1,0,10,47.0,0.0,13
2018-09-18 20:00:00,2,2,100,81,1021,13,0,0,16,2.2,3,6,4,2.2,4,2,-2,7.6,1142.0,-12,5844,1564,1.4,0.0,0,11,41.6,0.0,0
2018-09-18 21:00:00,3,2,100,86,1021,13,0,0,17,2.2,3,6,4,3.4,4,2,-1,7.9,1081.0,-12,5842,1564,1.6,0.0,0,12,55.4,0.0,0
2018-09-18 22:00:00,2,2,100,86,1021,13,0,0,17,1.1,2,6,5,3.4,5,3,0,5.6,1018.0,-12,5841,1562,1.6,0.0,0,13,44.2,0.0,0
2018-09-18 23:00:00,2,1,100,87,1021,13,0,0,16,1.1,3,7,6,3.4,5,3,0,5.6,1032.0,-12,5843,1567,1.6,-0.1,0,14,33.5,0.0,6
2018-09-19 00:00:00,2,1,100,90,1022,13,0,0,16,1.1,2,9,6,3.4,5,2,2,5.6,1043.0,-12,5844,1569,1.6,-0.1,0,13,33.6,0.0,6
2018-09-19 01:00:00,1,0,100,92,1022,14,0,0,15,1.1,2,9,6,3.4,5,2,2,5.6,1010.0,-12,5845,1568,1.6,-0.1,0,17,35.1,0.1,33
2018-09-19 02:00:00,4,3,100,98,1022,14,30,0,16,1.0,1,9,6,2.1,4,1,1,4.2,995.0,-12,5842,1566,1.2,-0.5,0,16,36.5,0.2,46
2018-09-19 03:00:00,4,3,100,97,1022,13,70,0,14,1.0,2,8,6,2.0,3,0,0,4.1,1001.0,-12,5842,1567,1.1,-0.3,0,16,33.4,0.1,40
2018-09-19 04:00:00,1,0,100,90,1022,13,0,0,12,1.1,2,8,8,3.3,4,0,-1,5.4,1140.0,-12,5843,1570,1.4,0.0,0,14,47.0,0.0,6
2018-09-19 05:00:00,1,0,100,83,1022,13,0,0,11,1.1,2,7,8,3.4,5,-1,-2,5.6,1139.0,-12,5843,1570,1.6,0.0,0,14,54.5,0.0,0
2018-09-19 06:00:00,3,2,100,75,1022,13,0,0,11,1.0,2,6,9,2.0,3,-2,-2,4.1,1113.0,-12,5842,1570,1.1,-0.1,0,12,60.9,0.0,0
2018-09-19 07:00:00,5,3,100,69,1022,13,0,0,11,2.0,2,5,10,1.0,1,-2,-2,2.0,1086.0,-12,5844,1571,0.5,-0.1,0,0,80.9,0.0,0
2018-09-19 08:00:00,7,3,90,66,1022,14,0,0,11,1.0,1,4,11,-1.0,-1,-1,-3,2.0,1148.0,-12,5849,1573,-0.1,0.0,0,0,81.9,0.0,0
2018-09-19 09:00:00,9,3,83,65,1021,15,0,0,12,1.0,1,4,12,-1.0,-2,-1,-5,2.0,1186.0,-12,5852,1571,-0.4,0.1,0,6,74.7,0.0,0
2018-09-19 10:00:00,10,2,73,73,1020,16,0,0,12,0.0,1,4,13,-2.0,-2,-1,-3,2.0,1184.0,-12,5853,1567,-0.6,0.0,0,14,62.4,0.0,0
2018-09-19 11:00:00,11,2,68,84,1019,17,10,-20,13,0.0,0,4,13,-2.0,-2,-1,-1,2.0,1162.0,-12,5854,1564,-0.6,-0.1,0,14,39.6,0.0,0
2018-09-19 12:00:00,12,2,66,82,1019,18,10,-5,14,0.0,0,5,13,-2.0,-2,0,0,2.0,1032.0,-12,5857,1562,-0.7,-0.5,0,14,39.7,0.0,13
2018-09-19 13:00:00,11,2,68,85,1019,18,20,-8,15,0.0,0,5,14,-1.0,-1,0,0,1.0,1061.0,-12,5859,1563,-0.4,-1.3,0,14,53.3,0.1,46
2018-09-19 14:00:00,9,4,87,91,1019,17,240,-9,16,2.0,2,5,15,3.0,3,-1,-1,4.0,1033.0,-12,5857,1564,1.0,-0.8,0,14,49.0,0.3,73
2018-09-19 15:00:00,8,5,98,85,1019,16,380,-7,16,2.0,2,4,16,2.0,3,-1,-2,5.0,1112.0,-12,5858,1566,1.0,-0.1,0,12,49.3,0.3,80
2018-09-19 16:00:00,8,5,97,87,1020,16,310,-8,16,2.0,3,4,16,3.1,3,-1,-4,5.1,1231.0,-12,5859,1566,1.1,0.0,0,12,19.5,0.1,26
2018-09-19 17:00:00,7,6,100,89,1020,15,270,-12,16,1.0,1,4,16,1.0,2,0,-4,2.0,1322.0,-12,5859,1568,0.5,-0.1,0,10,33.2,0.1,20
2018-09-19 18:00:00,6,5,100,86,1020,15,260,-11,16,1.0,1,5,15,1.0,2,1,-2,2.0,1311.0,-12,5860,1569,0.6,0.4,0,9,44.6,0.0,6
2018-09-19 19:00:00,3,2,100,74,1021,15,240,-17,16,1.0,2,5,15,2.0,2,1,-2,3.0,1247.0,-12,5860,1571,0.7,0.3,0,4,36.2,0.0,0
2018-09-19 20:00:00,3,1,100,75,1021,14,180,-24,16,1.0,1,4,14,1.0,1,1,-2,2.0,1166.0,-12,5858,1571,0.3,-0.2,0,7,14.5,0.0,0
2018-09-19 21:00:00,2,1,100,81,1021,14,110,-27,16,1.0,1,4,14,0.0,0,1,-2,1.0,1142.0,-12,5856,1571,0.0,-0.1,0,0,65.8,0.0,0
2018-09-19 22:00:00,2,0,100,85,1021,14,50,-32,16,0.0,0,4,14,0.0,0,1,-2,0.0,1151.0,-12,5855,1572,0.0,-0.1,0,0,72.3,0.0,0
2018-09-19 23:00:00,6,3,100,85,1021,14,30,-48,16,0.0,0,3,13,0.0,0,0,-2,0.0,1210.0,-13,5857,1575,0.0,0.1,0,0,70.5,0.0,0
2018-09-20 00:00:00,6,3,100,80,1021,14,10,-63,15,0.0,0,3,13,0.0,-1,0,-2,1.0,1231.0,-13,5856,1574,-0.1,0.3,0,0,48.1,0.0,0
2018-09-20 01:00:00,1,-1,100,72,1021,14,0,0,15,0.0,0,3,12,-1.0,-1,0,-2,1.0,1193.0,-13,5856,1575,-0.2,0.3,0,0,25.5,0.0,0
2018-09-20 02:00:00,0,-1,100,69,1021,14,0,0,15,0.0,0,2,10,-1.0,-1,0,-3,1.0,1180.0,-13,5854,1573,-0.2,0.2,0,11,5.6,0.0,0
2018-09-20 03:00:00,0,-2,100,71,1021,14,0,0,14,0.0,0,2,8,-1.0,-1,-1,-3,1.0,1205.0,-13,5853,1572,-0.2,0.1,0,0,3.4,0.0,0
2018-09-20 04:00:00,0,-3,96,73,1021,14,0,0,14,0.0,0,2,7,-1.0,-1,-1,-4,1.0,1237.0,-13,5851,1571,-0.2,0.1,0,0,3.4,0.0,0
2018-09-20 05:00:00,5,2,100,76,1021,13,0,0,14,0.0,0,1,6,-1.0,-1,-1,-4,1.0,1239.0,-13,5849,1570,-0.2,0.1,0,0,3.4,0.0,0
2018-09-20 06:00:00,5,2,100,79,1021,13,0,0,14,0.0,0,1,5,0.0,-1,-1,-5,1.0,1242.0,-13,5848,1569,-0.2,0.1,0,0,3.9,0.0,0
2018-09-20 07:00:00,6,3,97,80,1021,13,0,0,14,-1.0,-1,1,5,0.0,0,-1,-5,1.0,1251.0,-13,5847,1568,-0.2,0.0,0,0,1.9,0.0,0
2018-09-20 08:00:00,8,4,90,81,1021,15,0,-69,14,-2.0,-2,1,5,-1.0,-1,-1,-4,2.0,1267.0,-13,5852,1569,-0.4,0.1,0,4,7.5,0.0,0
2018-09-20 09:00:00,9,4,83,90,1020,16,100,-14,14,-2.0,-2,0,5,-1.0,-2,-1,-4,2.0,1264.0,-13,5853,1567,-0.6,0.0,0,10,7.4,0.0,6
2018-09-20 10:00:00,9,4,83,96,1019,16,190,-4,14,-1.0,-2,0,5,-1.0,-1,-1,-4,2.0,1209.0,-13,5853,1564,-0.5,-0.2,0,9,16.1,0.0,13
2018-09-20 11:00:00,10,4,82,100,1018,17,230,-5,14,-1.0,-1,0,5,0.0,0,0,-3,1.0,1187.0,-13,5853,1563,-0.2,0.1,0,12,30.6,0.0,13
2018-09-20 12:00:00,9,4,85,100,1018,17,260,0,15,-1.0,-1,1,5,1.0,1,0,-3,2.0,1236.0,-12,5857,1564,0.2,0.2,0,21,39.0,0.2,20
2018-09-20 13:00:00,8,3,88,97,1018,16,290,-7,15,0.0,0,1,5,2.0,2,0,-3,2.0,1231.0,-12,5859,1564,0.6,0.4,0,10,38.3,0.2,53
2018-09-20 14:00:00,9,4,88,98,1018,16,320,-10,15,1.0,1,1,6,1.0,2,-1,-3,2.0,1221.0,-12,5851,1557,0.6,-0.1,0,13,16.8,0.2,53
2018-09-20 15:00:00,10,5,88,91,1017,16,390,-8,15,1.0,1,1,6,1.0,1,-1,-3,2.0,1290.0,-12,5848,1551,0.4,0.3,0,11,6.2,0.0,6
2018-09-20 16:00:00,8,5,94,93,1018,16,450,-3,15,0.0,0,1,7,0.0,0,0,-3,0.0,1287.0,-12,5849,1553,-0.2,-0.6,0,6,3.9,0.0,20
2018-09-20 17:00:00,7,5,100,86,1018,15,370,-5,15,0.0,0,1,7,-1.0,-1,0,-4,1.0,1334.0,-12,5848,1554,-0.3,0.0,0,0,14.0,0.0,6
2018-09-20 18:00:00,3,2,100,76,1018,15,340,-6,15,0.0,0,1,7,1.0,1,0,-3,1.0,1313.0,-12,5843,1551,0.2,-0.1,0,14,34.3,0.0,6
2018-09-20 19:00:00,2,1,100,75,1018,15,60,-66,14,1.0,1,0,7,2.0,4,0,-4,4.1,1329.0,-12,5841,1550,1.1,-0.3,0,16,50.4,0.0,0
2018-09-20 20:00:00,2,1,100,75,1019,15,0,0,13,1.1,1,0,7,3.2,5,0,-4,5.3,1317.0,-12,5842,1551,1.3,-0.6,0,0,49.8,0.0,0
2018-09-20 21:00:00,1,0,100,73,1019,15,0,0,13,1.1,1,1,7,3.3,5,0,-4,5.4,1278.0,-12,5841,1551,1.4,-0.6,0,0,39.2,0.0,0
2018-09-20 22:00:00,1,0,100,71,1018,14,0,0,13,1.1,1,1,7,3.3,5,1,-4,5.4,1234.0,-12,5836,1548,1.4,-0.6,0,0,32.1,0.0,0
2018-09-20 23:00:00,1,0,100,66,1019,14,0,0,13,1.1,1,1,7,3.3,5,1,-4,5.5,1209.0,-12,5836,1549,1.5,-0.7,0,0,29.6,0.0,0
2018-09-21 00:00:00,1,0,100,59,1019,14,0,0,12,0.0,1,1,7,3.3,5,0,-3,5.5,1207.0,-12,5837,1549,1.5,-0.8,0,0,18.3,0.0,0
2018-09-21 01:00:00,1,0,100,60,1019,14,0,0,12,0.0,1,1,8,3.3,5,1,-3,5.5,1212.0,-12,5835,1546,1.5,-0.8,0,0,19.4,0.0,0
2018-09-21 02:00:00,0,-1,100,61,1018,14,0,0,12,1.1,1,2,8,3.3,5,1,-3,5.4,1216.0,-12,5828,1540,1.4,-0.7,0,0,17.8,0.0,0
2018-09-21 03:00:00,0,-1,100,60,1018,14,0,0,12,1.1,1,2,7,3.4,5,1,-3,5.6,1209.0,-12,5826,1538,1.6,-0.7,0,0,13.4,0.0,0
2018-09-21 04:00:00,0,-1,100,60,1018,14,0,0,12,1.1,2,2,7,3.4,6,1,-3,6.9,1205.0,-12,5825,1539,1.7,-0.7,0,0,11.1,0.0,0
2018-09-21 05:00:00,1,0,100,63,1018,13,0,0,12,1.2,2,3,7,3.5,6,1,-3,6.9,1209.0,-12,5821,1536,1.8,-0.6,0,0,12.5,0.0,0
2018-09-21 06:00:00,4,2,100,66,1017,13,0,0,12,1.1,2,4,7,3.3,5,1,-2,5.5,1215.0,-12,5817,1533,1.5,-0.3,0,0,12.5,0.0,0
2018-09-21 07:00:00,6,3,100,70,1017,13,0,0,12,2.1,2,5,8,3.2,4,1,-2,5.3,1232.0,-12,5814,1529,1.3,-0.2,0,0,0.0,0.0,0
2018-09-21 08:00:00,8,4,93,72,1017,15,0,0,12,2.1,3,6,9,3.2,4,1,-2,5.3,1216.0,-12,5818,1530,1.3,-0.4,0,5,0.0,0.0,0
2018-09-21 09:00:00,9,4,85,81,1016,16,10,-42,13,2.0,3,7,10,3.1,3,1,-1,4.1,1195.0,-12,5817,1526,1.1,0.0,0,10,2.2,0.0,0
2018-09-21 10:00:00,10,4,80,90,1015,16,60,-6,14,2.0,3,8,12,2.0,3,2,-1,4.0,1133.0,-12,5815,1521,1.0,-0.1,0,16,5.8,0.0,20
2018-09-21 11:00:00,9,4,88,95,1014,16,170,-3,15,3.0,4,10,13,2.0,3,2,0,5.0,1135.0,-12,5813,1519,0.9,-0.5,0,15,25.9,0.2,46
2018-09-21 12:00:00,10,5,86,91,1014,17,240,-8,15,3.0,3,11,15,3.0,3,3,0,5.0,1109.0,-12,5816,1519,1.0,-0.1,0,14,37.1,0.3,66
2018-09-21 13:00:00,9,4,88,92,1014,17,260,-8,15,3.0,3,12,16,3.0,3,3,-2,6.0,1201.0,-12,5815,1517,1.0,-0.5,0,12,50.1,0.2,60
2018-09-21 14:00:00,9,5,94,91,1014,16,230,-4,15,3.2,3,12,18,3.2,4,3,-2,7.5,1181.0,-12,5810,1516,1.3,0.4,0,13,78.2,0.3,60
2018-09-21 15:00:00,9,5,90,79,1013,16,260,-6,13,3.3,4,13,20,4.4,5,4,-4,6.6,1254.0,-12,5806,1511,1.5,0.3,0,12,60.2,0.1,26
2018-09-21 16:00:00,8,4,95,70,1014,16,120,-13,12,3.4,4,15,21,4.5,5,4,-5,7.9,1207.0,-12,5806,1514,1.6,0.6,0,9,83.6,0.0,0
2018-09-21 17:00:00,4,3,100,72,1015,14,40,-24,14,2.2,3,16,20,3.3,4,4,-5,7.6,1155.0,-12,5803,1519,1.4,0.6,0,9,85.8,0.0,0
2018-09-21 18:00:00,5,4,100,79,1015,14,0,0,16,2.2,3,17,22,3.3,4,3,-1,8.7,1080.0,-12,5799,1518,1.4,0.3,0,16,85.7,0.0,0
2018-09-21 19:00:00,5,3,100,81,1016,14,0,-45,17,2.1,3,18,24,3.2,4,2,-1,10.7,1037.0,-12,5799,1520,1.3,-0.1,0,17,84.1,0.0,0
2018-09-21 20:00:00,4,3,100,86,1016,14,10,-17,17,2.1,3,19,24,2.1,3,1,-1,9.4,914.0,-12,5795,1521,1.2,-0.8,0,25,85.0,0.0,0
2018-09-21 21:00:00,5,3,100,94,1016,13,20,-7,18,2.0,3,19,23,1.0,2,2,-2,9.0,840.0,-12,5790,1521,0.8,-1.0,0,26,86.0,0.3,66
2018-09-21 22:00:00,3,3,100,90,1017,13,10,-3,17,1.0,2,17,22,2.0,3,2,-3,9.0,761.0,-12,5787,1522,1.0,0.0,0,22,86.2,0.3,66
2018-09-21 23:00:00,4,2,100,94,1018,12,0,0,17,1.0,2,17,25,2.0,3,1,-5,9.0,1011.0,-13,5790,1526,1.0,-0.4,0,16,85.2,0.1,26
2018-09-22 00:00:00,3,2,100,92,1019,11,0,0,16,1.0,2,18,24,0.0,0,1,-7,5.0,945.0,-12,5789,1535,0.0,-1.0,0,8,78.4,0.0,6
2018-09-22 01:00:00,2,1,100,95,1019,10,0,0,15,1.0,2,20,27,0.0,0,-1,-10,3.0,735.0,-12,5789,1540,0.0,-0.7,0,8,83.4,0.0,0
2018-09-22 02:00:00,2,1,100,90,1019,10,0,0,14,1.0,1,21,27,1.0,1,0,-15,5.0,683.0,-12,5783,1534,0.4,0.2,0,14,91.2,0.0,0
2018-09-22 03:00:00,0,0,100,69,1019,9,0,0,12,1.0,1,23,26,1.0,2,-2,-18,6.0,882.0,-12,5782,1534,0.6,1.3,0,13,80.6,0.1,20
2018-09-22 04:00:00,0,-1,100,37,1020,9,0,0,10,2.0,2,25,26,1.0,1,-5,-20,5.0,1075.0,-12,5783,1537,0.6,0.6,0,8,83.4,0.0,6
2018-09-22 05:00:00,0,-1,100,31,1020,8,0,0,10,1.0,2,25,27,1.0,1,-7,-22,4.0,1100.0,-12,5784,1537,0.5,0.4,0,0,67.6,0.0,0
2018-09-22 06:00:00,0,-2,98,34,1020,8,0,0,10,1.0,2,26,27,1.0,2,-9,-23,4.0,1023.0,-11,5785,1537,0.8,-0.3,0,0,58.4,0.0,0
2018-09-22 07:00:00,1,-2,91,38,1020,9,0,0,10,2.0,3,25,26,1.0,1,-9,-24,3.0,930.0,-11,5786,1537,0.5,-0.6,0,0,60.8,0.0,0
2018-09-22 08:00:00,2,-2,85,39,1021,9,0,0,11,3.0,3,25,26,0.0,0,-9,-25,4.0,911.0,-11,5795,1543,0.3,-0.5,0,0,76.0,0.0,0
2018-09-22 09:00:00,3,-1,83,40,1021,10,0,0,11,3.0,3,24,26,-1.0,-1,-9,-26,4.0,953.0,-11,5800,1546,0.0,-0.3,0,0,82.5,0.0,0
2018-09-22 10:00:00,4,-1,79,43,1020,10,0,0,12,2.0,2,24,26,-1.0,-1,-9,-25,3.0,1103.0,-11,5803,1545,-0.1,-0.1,0,4,82.7,0.0,0
2018-09-22 11:00:00,5,-2,75,47,1020,11,0,0,13,2.0,3,23,26,0.0,0,-9,-25,3.0,1098.0,-11,5806,1545,0.1,-0.2,0,12,82.7,0.0,0
2018-09-22 12:00:00,6,-2,69,48,1020,12,0,0,14,3.0,3,23,25,1.0,1,-7,-25,4.0,1052.0,-11,5812,1548,0.4,-0.2,0,0,80.7,0.0,0
2018-09-22 13:00:00,7,-3,64,53,1019,13,0,0,14,3.0,4,22,24,1.0,1,-8,-25,5.0,990.0,-11,5817,1546,0.6,-0.1,0,0,80.1,0.0,0
2018-09-22 14:00:00,7,-3,61,61,1018,14,0,0,14,5.0,6,22,24,1.0,1,-9,-25,6.0,967.0,-10,5816,1539,0.7,0.3,0,0,78.5,0.0,0
2018-09-22 15:00:00,7,-2,65,73,1018,14,0,0,16,5.0,7,22,24,1.0,2,-10,-23,7.0,1007.0,-10,5818,1538,1.0,0.5,0,0,79.8,0.0,0
2018-09-22 16:00:00,5,-1,75,86,1019,13,0,0,17,4.0,5,22,23,1.0,2,-11,-21,9.0,1028.0,-10,5825,1545,0.8,0.3,0,0,73.1,0.0,0
2018-09-22 17:00:00,2,-1,93,88,1020,13,0,0,18,2.2,4,21,23,2.2,4,-12,-19,10.9,1088.0,-9,5829,1549,1.4,0.2,0,0,45.0,0.0,0
2018-09-22 18:00:00,3,-1,89,88,1020,12,0,0,18,2.3,3,23,23,3.4,5,-13,-16,13.7,1318.0,-9,5831,1545,1.7,0.4,0,12,81.4,0.0,0
2018-09-22 19:00:00,2,0,96,90,1020,12,0,0,18,2.3,3,22,22,3.4,5,-13,-15,14.8,1286.0,-9,5834,1548,1.7,0.2,0,0,62.7,0.0,0
2018-09-22 20:00:00,2,0,95,91,1021,11,0,0,19,2.3,3,22,22,4.7,6,-12,-15,16.4,1321.0,-8,5837,1551,1.9,0.0,0,0,61.2,0.0,0
2018-09-22 21:00:00,2,-1,97,89,1020,12,0,0,18,2.4,3,22,22,4.8,6,-13,-14,16.6,1392.0,-8,5840,1549,2.0,0.4,0,0,35.7,0.0,0
2018-09-22 22:00:00,2,-1,96,94,1020,12,0,0,18,2.4,3,21,22,4.8,6,-13,-15,18.1,1439.0,-8,5840,1544,2.1,0.3,0,0,39.0,0.0,0
2018-09-22 23:00:00,2,0,99,95,1020,12,0,0,18,3.6,4,21,21,4.8,6,-13,-15,18.1,1464.0,-8,5845,1547,2.1,0.3,0,0,50.0,0.0,0
2018-09-23 00:00:00,2,0,100,95,1020,12,0,0,18,3.5,4,21,20,4.7,5,-12,-14,17.6,1547.0,-8,5849,1548,1.9,0.2,0,0,63.8,0.0,0
2018-09-23 01:00:00,4,2,100,96,1020,12,0,0,18,3.5,4,22,20,4.6,5,-13,-13,17.4,1672.0,-8,5853,1547,1.8,0.3,0,9,84.3,0.0,0
2018-09-23 02:00:00,4,2,100,98,1020,12,0,0,18,3.5,4,21,20,4.6,5,-12,-10,17.4,1688.0,-8,5849,1543,1.8,0.6,0,14,92.0,0.0,0
2018-09-23 03:00:00,4,3,100,98,1019,13,0,0,18,3.4,4,20,20,4.6,5,-11,-8,18.3,1656.0,-8,5850,1542,1.7,0.5,0,18,88.4,0.0,26
2018-09-23 04:00:00,3,3,100,92,1019,13,0,0,18,3.5,4,20,20,4.7,5,-8,-7,18.8,1613.0,-8,5851,1540,1.9,0.1,0,18,74.2,0.1,33
2018-09-23 05:00:00,4,3,100,92,1019,13,0,0,18,3.6,4,20,21,4.8,6,-5,-5,17.8,1606.0,-8,5849,1539,2.0,0.0,0,18,64.5,0.1,33
2018-09-23 06:00:00,5,4,100,92,1019,14,10,-3,18,3.5,5,20,22,4.6,5,-2,-4,17.4,1597.0,-8,5846,1536,1.8,-0.4,0,19,70.1,0.1,40
2018-09-23 07:00:00,7,5,100,89,1018,14,0,0,18,4.5,5,20,22,3.4,4,-1,-3,15.7,1572.0,-9,5843,1535,1.6,-1.2,0,20,59.8,0.1,26
2018-09-23 08:00:00,8,5,98,93,1018,15,0,-1,18,7.6,8,20,22,2.2,3,-1,-3,16.3,1551.0,-10,5849,1541,1.4,-1.7,0,19,59.2,0.0,13
2018-09-23 09:00:00,9,6,93,93,1018,16,40,-20,18,7.0,8,21,22,1.0,1,-2,-3,13.0,1535.0,-10,5851,1540,0.8,-2.5,0,20,48.5,0.1,13
2018-09-23 10:00:00,10,6,89,94,1017,17,90,-4,18,7.0,8,21,24,1.0,1,-2,-3,11.0,1489.0,-11,5848,1537,0.7,-2.5,0,17,34.4,0.3,66
2018-09-23 11:00:00,9,6,98,95,1016,17,140,-4,19,4.0,5,21,25,2.0,2,-3,-3,9.0,1427.0,-11,5844,1534,0.8,-2.1,0,16,16.7,0.4,53
2018-09-23 12:00:00,9,6,100,96,1016,17,110,-5,19,2.2,3,21,27,3.3,5,-3,-3,8.9,1441.0,-10,5847,1536,1.5,0.5,0,13,6.3,0.6,73
2018-09-23 13:00:00,10,7,95,87,1015,17,140,-6,18,4.8,5,21,29,6.0,6,-3,-2,10.8,1458.0,-10,5846,1529,2.1,1.7,0,13,5.4,0.4,80
2018-09-23 14:00:00,10,6,93,85,1013,17,130,-10,18,6.2,6,21,30,6.2,7,-3,-2,13.7,1445.0,-10,5835,1515,2.4,2.0,0,14,6.7,0.3,66
2018-09-23 15:00:00,9,5,93,82,1012,17,70,-14,18,6.2,7,22,33,6.2,6,-1,-2,17.2,1410.0,-10,5827,1507,2.3,2.1,0,15,11.0,0.2,46
2018-09-23 16:00:00,9,5,94,80,1013,17,40,-18,18,4.6,5,25,35,4.6,5,0,-3,15.1,1333.0,-9,5824,1507,1.8,2.4,0,7,16.5,0.1,13
2018-09-23 17:00:00,5,4,100,80,1013,15,0,0,18,3.6,4,26,36,4.8,6,0,-2,16.6,1367.0,-9,5817,1503,2.0,3.1,0,24,53.2,0.0,0
2018-09-23 18:00:00,5,5,100,89,1012,15,0,0,18,4.8,5,28,39,4.8,6,1,-1,19.0,1367.0,-9,5807,1497,2.0,3.1,0,18,34.3,0.1,33
2018-09-23 19:00:00,5,4,100,81,1012,15,0,0,17,5.0,6,30,40,6.2,7,2,-3,22.4,1264.0,-10,5798,1493,2.4,3.4,0,13,41.4,0.1,20
2018-09-23 20:00:00,5,4,100,81,1011,14,0,0,16,5.1,6,32,37,7.7,8,0,-5,23.1,1502.0,-10,5791,1484,2.7,3.5,0,18,54.5,0.0,6
2018-09-23 21:00:00,5,4,100,87,1012,14,0,0,19,4.9,6,32,35,6.2,7,-3,-4,24.6,1345.0,-10,5780,1483,2.3,1.9,0,36,76.7,0.7,73
2018-09-23 22:00:00,4,3,100,100,1012,14,50,-5,20,3.3,4,31,32,3.3,4,-8,4,15.5,978.0,-11,5770,1481,1.5,0.1,0,35,93.8,1.3,100
2018-09-23 23:00:00,5,4,100,100,1014,13,50,0,15,1.0,1,35,41,0.0,0,-2,1,8.0,796.0,-11,5762,1495,0.2,-2.6,0,20,69.7,1.3,100
2018-09-24 00:00:00,3,2,100,100,1016,11,0,0,13,2.0,2,37,44,0.0,-1,-1,-1,6.0,330.0,-11,5752,1506,0.0,-3.3,0,22,80.5,0.2,46
2018-09-24 01:00:00,1,0,100,100,1018,8,0,0,11,3.0,3,37,46,-3.0,-3,-1,-3,8.0,0.0,-11,5742,1518,-0.8,-2.3,0,20,80.1,0.2,53
2018-09-24 02:00:00,0,-1,100,100,1019,6,0,0,8,1.0,2,37,46,-3.0,-3,-3,-3,5.0,0.0,-11,5727,1521,-0.8,-1.1,0,19,75.4,0.2,53
2018-09-24 03:00:00,-1,-2,100,100,1020,5,30,0,6,1.0,1,35,46,-3.0,-3,-8,-4,5.0,0.0,-11,5717,1525,-0.8,-2.1,0,21,77.3,0.2,66
2018-09-24 04:00:00,-2,-3,100,96,1021,4,0,0,5,1.0,1,27,39,-3.0,-4,-13,-8,11.0,0.0,-11,5722,1527,-1.1,-2.7,0,13,75.3,0.2,53
2018-09-24 05:00:00,-3,-4,100,85,1023,3,0,0,4,0.0,0,27,34,-4.0,-5,-17,-12,12.0,0.0,-11,5726,1534,-1.2,-3.2,0,9,66.0,0.1,20
2018-09-24 06:00:00,-4,-5,100,79,1024,3,0,0,4,1.0,1,26,31,-4.0,-6,-21,-14,12.0,0.0,-11,5731,1541,-1.5,-3.9,0,9,57.0,0.0,6
2018-09-24 07:00:00,-4,-5,100,65,1025,2,0,0,4,1.0,2,26,31,-6.0,-8,-23,-17,12.0,0.0,-11,5737,1549,-2.2,-3.7,0,7,51.9,0.0,6
2018-09-24 08:00:00,-3,-6,98,55,1026,2,0,0,4,1.0,1,26,30,-7.0,-8,-24,-22,12.0,0.0,-10,5749,1559,-2.4,-3.2,0,2,36.3,0.0,6
2018-09-24 09:00:00,-2,-6,90,56,1026,3,0,0,4,1.0,1,25,30,-7.0,-9,-24,-26,11.0,0.0,-10,5757,1566,-2.5,-2.6,0,0,37.5,0.0,6
2018-09-24 10:00:00,-1,-6,82,67,1027,3,0,0,4,1.0,1,24,31,-6.0,-7,-23,-28,9.0,0.0,-11,5758,1573,-2.1,-2.2,0,3,40.7,0.0,0
2018-09-24 11:00:00,0,-7,75,83,1028,4,0,0,5,1.0,2,23,33,-5.0,-6,-21,-28,8.0,0.0,-11,5761,1582,-1.7,-0.3,0,3,43.3,0.0,0
2018-09-24 12:00:00,0,-8,72,51,1028,4,0,0,4,0.0,0,22,32,-5.0,-6,-18,-28,7.0,0.0,-12,5771,1588,-1.8,1.3,0,0,36.1,0.0,0
2018-09-24 13:00:00,-1,-8,73,35,1028,4,0,0,4,0.0,0,22,31,-6.0,-7,-14,-30,8.0,0.0,-13,5777,1588,-2.1,0.4,0,0,35.8,0.0,0
2018-09-24 14:00:00,-1,-8,75,37,1028,4,0,0,5,0.0,0,22,30,-5.0,-7,-13,-31,8.0,0.0,-13,5774,1586,-2.0,-0.5,0,0,34.3,0.0,0
2018-09-24 15:00:00,-2,-8,79,43,1028,4,0,0,5,1.0,1,21,30,-5.0,-6,-14,-33,7.0,0.0,-13,5771,1589,-1.8,-0.5,0,0,34.7,0.0,0
2018-09-24 16:00:00,-3,-8,84,38,1030,3,0,0,5,1.0,1,21,32,-4.0,-6,-15,-31,7.0,0.0,-13,5775,1598,-1.6,-0.4,0,0,34.3,0.0,0
2018-09-24 17:00:00,-7,-9,98,28,1031,2,0,0,4,0.0,0,20,33,-1.0,-2,-16,-28,7.0,0.0,-13,5776,1604,-0.4,-0.4,0,0,25.6,0.0,0
2018-09-24 18:00:00,-5,-9,94,20,1032,1,0,0,4,1.0,1,20,34,-1.0,-1,-16,-26,7.0,0.0,-13,5776,1607,-0.1,-0.5,0,0,20.1,0.0,0
2018-09-24 19:00:00,-8,-9,100,17,1033,0,0,0,3,1.0,2,19,34,0.0,0,-17,-25,8.0,0.0,-13,5779,1610,0.1,-0.5,0,0,1.6,0.0,0
2018-09-24 20:00:00,-8,-10,100,18,1034,0,0,0,3,1.0,1,18,33,0.0,0,-18,-23,7.0,0.0,-13,5783,1616,0.1,-0.2,0,0,1.4,0.0,0
2018-09-24 21:00:00,-8,-11,96,20,1035,0,0,0,3,1.0,1,16,31,-1.0,-1,-18,-22,8.0,0.0,-13,5786,1619,0.0,0.0,0,0,0.7,0.0,0
2018-09-24 22:00:00,-8,-11,92,23,1035,-1,0,0,3,1.0,1,14,30,-1.0,-1,-19,-21,8.0,0.0,-13,5786,1619,0.0,0.0,0,0,2.6,0.0,0
2018-09-24 23:00:00,-8,-11,92,24,1035,-1,0,0,3,1.0,1,13,30,0.0,0,-19,-20,7.0,0.0,-14,5790,1622,0.1,0.1,0,0,4.0,0.0,0
2018-09-25 00:00:00,-8,-11,91,21,1035,-1,0,0,3,1.0,1,11,29,0.0,0,-18,-20,7.0,0.0,-14,5794,1624,0.2,0.1,0,0,14.3,0.0,0
2018-09-25 01:00:00,-7,-11,90,19,1036,-1,0,0,3,0.0,0,11,28,1.0,1,-18,-20,7.0,0.0,-14,5797,1625,0.3,0.1,0,0,25.1,0.0,0
2018-09-25 02:00:00,-7,-11,89,18,1035,0,0,0,3,0.0,0,10,26,1.0,1,-17,-22,6.0,0.0,-14,5794,1623,0.4,0.0,0,0,22.7,0.0,0
2018-09-25 03:00:00,-7,-11,89,18,1036,0,0,0,3,1.0,1,11,25,1.0,2,-17,-23,6.0,0.0,-14,5795,1624,0.6,0.0,0,0,3.3,0.0,0
2018-09-25 04:00:00,-8,-12,89,16,1036,0,0,0,3,1.0,1,11,24,1.0,1,-17,-23,6.0,0.0,-15,5798,1625,0.6,-0.1,0,0,0.0,0.0,0
2018-09-25 05:00:00,-8,-12,89,15,1036,0,0,0,2,1.0,1,10,22,1.0,1,-18,-23,5.0,0.0,-15,5798,1624,0.5,0.0,0,0,0.0,0.0,0
2018-09-25 06:00:00,-5,-12,75,13,1035,1,0,0,2,1.0,2,11,21,1.0,1,-18,-24,5.0,0.0,-15,5798,1621,0.3,0.0,0,0,0.0,0.0,0
2018-09-25 07:00:00,-3,-12,64,13,1035,2,0,0,2,1.0,2,10,20,-1.0,-1,-18,-24,3.0,0.0,-14,5798,1618,-0.1,0.0,0,0,0.0,0.0,0
2018-09-25 08:00:00,-1,-13,56,14,1035,4,0,0,2,1.0,1,10,19,-2.0,-2,-18,-25,3.0,0.0,-14,5806,1621,-0.6,-0.1,0,0,0.0,0.0,0
2018-09-25 09:00:00,0,-13,52,16,1034,5,0,0,3,0.0,1,10,19,-3.0,-3,-19,-25,4.0,0.0,-14,5810,1620,-0.9,-0.1,0,0,0.0,0.0,0
2018-09-25 10:00:00,1,-12,49,18,1033,6,0,0,3,0.0,0,10,19,-3.0,-4,-19,-25,4.0,0.0,-14,5811,1617,-1.2,-0.2,0,0,0.0,0.0,0
2018-09-25 11:00:00,2,-12,48,20,1033,7,0,0,3,0.0,0,10,18,-4.0,-5,-19,-25,5.0,0.0,-14,5814,1617,-1.4,-0.2,0,0,0.0,0.0,0
2018-09-25 12:00:00,2,-11,49,21,1033,8,0,0,3,0.0,0,10,17,-4.0,-5,-18,-26,5.0,0.0,-14,5819,1622,-1.5,-0.1,0,0,0.0,0.0,0
2018-09-25 13:00:00,2,-11,50,21,1033,8,0,0,3,0.0,0,10,15,-4.0,-5,-19,-27,5.0,0.0,-14,5823,1624,-1.5,0.0,0,0,0.0,0.0,0
2018-09-25 14:00:00,2,-11,52,20,1032,8,0,0,4,0.0,0,9,14,-4.0,-5,-20,-28,5.0,0.0,-14,5820,1620,-1.4,0.1,0,0,0.0,0.0,0
2018-09-25 15:00:00,1,-10,56,20,1032,8,0,0,4,0.0,0,9,14,-4.0,-4,-21,-29,4.0,0.0,-14,5822,1621,-1.2,0.2,0,0,0.0,0.0,0
2018-09-25 16:00:00,0,-10,61,20,1034,7,0,0,4,0.0,0,8,12,-2.0,-2,-22,-30,4.0,0.0,-14,5829,1628,-0.7,0.2,0,0,0.0,0.0,0
2018-09-25 17:00:00,-6,-11,85,17,1035,6,0,0,4,0.0,0,6,9,-2.0,-3,-23,-30,3.0,0.0,-14,5832,1632,-0.8,0.3,0,0,0.0,0.0,0
2018-09-25 18:00:00,-2,-9,76,14,1036,5,0,0,4,1.0,1,4,6,-2.0,-2,-23,-30,2.0,0.0,-14,5832,1633,-0.5,0.4,0,0,0.0,0.0,0
2018-09-25 19:00:00,-7,-10,96,13,1036,5,0,0,3,2.0,2,3,3,-1.0,-1,-22,-30,3.0,0.0,-14,5835,1637,0.0,0.2,0,0,0.0,0.0,0
2018-09-25 20:00:00,-6,-10,95,14,1037,4,0,0,3,2.0,2,3,0,0.0,0,-20,-30,2.0,0.0,-14,5839,1643,0.2,0.2,0,0,0.0,0.0,0
2018-09-25 21:00:00,-6,-10,96,14,1037,5,0,0,3,1.0,2,2,-3,1.0,2,-19,-32,2.0,0.0,-14,5840,1643,0.5,0.4,0,0,0.0,0.0,0
2018-09-25 22:00:00,-6,-10,96,13,1037,5,0,0,4,1.0,2,1,-6,2.0,2,-19,-32,3.0,0.0,-14,5841,1641,0.7,0.2,0,0,0.0,0.0,0
2018-09-25 23:00:00,-7,-9,100,12,1037,5,0,0,4,1.0,2,0,-7,2.0,4,-19,-32,4.1,0.0,-14,5847,1644,1.1,0.3,0,0,3.5,0.0,0
2018-09-26 00:00:00,-6,-9,100,11,1038,5,0,0,3,1.1,2,-1,-8,3.4,5,-18,-31,5.6,0.0,-13,5853,1645,1.6,0.2,0,0,21.3,0.0,0
2018-09-26 01:00:00,-6,-9,100,10,1038,5,0,0,3,1.2,2,-2,-9,3.5,6,-17,-29,6.9,0.0,-13,5858,1646,1.8,0.2,0,0,15.9,0.0,0
2018-09-26 02:00:00,-6,-9,96,10,1038,6,0,0,3,1.2,2,-3,-9,3.5,6,-17,-28,7.0,0.0,-13,5858,1644,1.9,0.1,0,0,4.9,0.0,0
2018-09-26 03:00:00,-6,-10,92,10,1038,6,0,0,4,1.2,2,-3,-9,3.5,6,-17,-28,7.0,0.0,-13,5862,1644,1.9,0.0,0,0,0.0,0.0,0
2018-09-26 04:00:00,-6,-11,89,10,1038,6,0,0,4,1.2,2,-3,-10,3.5,6,-17,-27,7.0,0.0,-13,5868,1645,1.9,0.0,0,0,0.0,0.0,0
2018-09-26 05:00:00,-6,-11,87,10,1038,7,0,0,4,1.2,2,-4,-10,3.5,6,-18,-26,7.0,0.0,-13,5871,1644,1.9,0.0,0,0,0.0,0.0,0
2018-09-26 06:00:00,-3,-10,74,10,1038,7,0,0,4,1.1,2,-5,-10,2.2,4,-18,-25,5.5,950.0,-13,5875,1644,1.5,0.0,0,0,0.0,0.0,0
2018-09-26 07:00:00,0,-10,59,10,1038,8,0,0,4,2.0,2,-6,-10,1.0,2,-17,-23,3.0,974.0,-13,5880,1647,0.6,-0.1,0,0,0.0,0.0,0
2018-09-26 08:00:00,2,-10,53,10,1038,9,0,0,4,1.0,2,-6,-10,0.0,0,-16,-23,3.0,1021.0,-12,5890,1653,0.0,-0.2,0,0,0.0,0.0,0
2018-09-26 09:00:00,4,-9,50,11,1037,10,0,0,5,1.0,1,-6,-11,-1.0,-2,-16,-22,2.0,1078.0,-12,5896,1652,-0.4,-0.3,0,0,0.0,0.0,0
2018-09-26 10:00:00,6,-9,46,11,1036,11,0,0,5,0.0,0,-6,-11,-2.0,-2,-16,-21,3.0,1108.0,-12,5899,1649,-0.7,-0.4,0,0,0.0,0.0,0
2018-09-26 11:00:00,7,-10,44,12,1035,12,0,0,5,0.0,-1,-6,-12,-3.0,-3,-17,-20,3.0,1156.0,-12,5904,1649,-1.0,-0.4,0,0,0.0,0.0,0
2018-09-26 12:00:00,7,-9,44,13,1035,13,0,0,6,-1.0,-1,-6,-13,-3.0,-4,-16,-19,4.0,1224.0,-12,5911,1650,-1.1,-0.2,0,0,0.0,0.0,0
2018-09-26 13:00:00,7,-8,46,13,1035,13,0,0,6,-1.0,-1,-5,-14,-3.0,-4,-15,-17,4.0,1260.0,-12,5916,1651,-1.1,-0.1,0,0,0.0,0.0,0
2018-09-26 14:00:00,7,-7,51,13,1034,13,0,0,6,-1.0,-1,-4,-13,-3.0,-4,-14,-16,4.0,1279.0,-11,5915,1647,-1.1,0.0,0,0,0.0,0.0,0
2018-09-26 15:00:00,6,-5,58,14,1034,13,0,0,6,-1.0,-1,-4,-12,-3.0,-3,-13,-15,4.0,1318.0,-11,5917,1647,-1.0,0.1,0,0,0.0,0.0,0
2018-09-26 16:00:00,3,-2,82,15,1035,12,0,0,6,-1.0,-1,-4,-11,-1.0,-2,-12,-14,4.0,1382.0,-11,5922,1651,-0.5,0.1,0,0,8.5,0.0,0
2018-09-26 17:00:00,-2,-11,69,16,1035,11,0,0,6,0.0,-1,-4,-10,-2.0,-2,-11,-13,5.0,1432.0,-10,5926,1654,-0.6,0.2,0,0,27.4,0.0,0
2018-09-26 18:00:00,-2,-10,75,16,1035,11,0,0,6,0.0,0,-4,-9,-2.0,-2,-10,-12,5.0,1464.0,-10,5927,1653,-0.5,0.1,0,0,33.0,0.0,0
2018-09-26 19:00:00,2,-5,71,17,1035,10,0,0,6,1.0,2,-3,-8,-1.0,-1,-10,-12,4.0,1495.0,-10,5929,1655,-0.2,-0.1,0,0,31.2,0.0,0
2018-09-26 20:00:00,-3,-10,77,16,1035,11,0,0,6,2.0,2,-3,-6,0.0,0,-9,-12,3.0,1525.0,-10,5933,1657,0.3,-0.2,0,0,21.5,0.0,0
2018-09-26 21:00:00,-3,-12,71,16,1035,11,0,0,6,2.0,2,-2,-6,1.0,1,-10,-12,3.0,1542.0,-10,5934,1656,0.5,-0.2,0,0,32.4,0.0,0
2018-09-26 22:00:00,-3,-13,66,17,1034,11,0,0,6,2.0,2,-1,-6,0.0,0,-10,-12,2.0,1535.0,-10,5933,1653,0.3,-0.1,0,0,33.3,0.0,0
2018-09-26 23:00:00,-3,-13,64,17,1034,11,0,0,5,2.0,2,0,-4,0.0,0,-11,-11,2.0,1523.0,-10,5935,1655,0.1,0.0,0,0,33.3,0.0,0
2018-09-27 00:00:00,-3,-12,69,18,1034,11,0,0,5,2.0,2,0,-2,0.0,0,-12,-11,2.0,1513.0,-10,5936,1655,0.1,0.1,0,0,33.3,0.0,0
2018-09-27 01:00:00,-3,-14,61,19,1034,11,0,0,5,2.0,2,0,-1,-1.0,-1,-12,-11,4.0,1511.0,-10,5936,1654,0.0,0.2,0,0,33.3,0.0,0
2018-09-27 02:00:00,-3,-14,62,20,1033,11,0,0,5,2.0,3,1,1,-1.0,-1,-11,-10,4.0,1495.0,-10,5930,1648,0.0,0.2,0,0,33.3,0.0,0
2018-09-27 03:00:00,3,-13,45,20,1033,11,0,0,5,2.0,3,1,2,0.0,0,-11,-10,4.0,1493.0,-10,5927,1645,0.2,0.1,0,0,33.3,0.0,0
2018-09-27 04:00:00,3,-13,44,19,1033,12,0,0,5,2.0,3,2,4,0.0,0,-11,-10,4.0,1504.0,-10,5926,1644,0.3,0.1,0,0,31.4,0.0,0
2018-09-27 05:00:00,-3,-14,61,18,1032,12,0,0,4,2.0,3,2,5,0.0,0,-11,-9,4.0,1509.0,-10,5924,1642,0.3,0.1,0,0,18.3,0.0,0
2018-09-27 06:00:00,3,-13,43,18,1032,12,0,0,4,2.0,3,2,6,0.0,0,-11,-10,4.0,1511.0,-10,5920,1638,0.3,0.1,0,0,14.7,0.0,0
2018-09-27 07:00:00,4,-12,44,17,1031,12,0,0,4,2.0,2,2,6,0.0,0,-11,-10,3.0,1510.0,-10,5917,1634,0.2,0.0,0,0,13.7,0.0,0
2018-09-27 08:00:00,6,-9,46,17,1031,12,0,0,4,1.0,2,2,6,0.0,0,-11,-10,2.0,1510.0,-10,5921,1636,0.0,0.0,0,0,18.3,0.0,0
2018-09-27 09:00:00,7,-9,44,17,1030,14,0,0,4,1.0,1,2,7,-1.0,-2,-11,-10,2.0,1504.0,-10,5921,1633,-0.4,0.0,0,0,19.4,0.0,0
2018-09-27 10:00:00,9,-8,43,16,1029,15,0,0,4,0.0,0,2,6,-2.0,-2,-11,-10,2.0,1491.0,-10,5918,1626,-0.5,-0.1,0,0,21.2,0.0,0
2018-09-27 11:00:00,10,-8,42,16,1028,16,0,0,4,0.0,0,2,6,-2.0,-2,-10,-11,2.0,1473.0,-10,5916,1621,-0.6,-0.2,0,0,20.9,0.0,0
2018-09-27 12:00:00,11,-7,42,18,1028,17,0,0,4,-1.0,-1,2,5,-2.0,-2,-10,-11,2.0,1462.0,-10,5918,1621,-0.7,0.0,0,0,21.4,0.0,0
2018-09-27 13:00:00,11,-7,42,21,1027,17,0,0,4,-1.0,-1,2,4,-2.0,-2,-10,-11,2.0,1453.0,-10,5917,1618,-0.7,0.2,0,0,17.7,0.0,0
2018-09-27 14:00:00,10,-6,45,28,1026,17,0,0,5,-1.0,-2,3,4,-2.0,-2,-10,-11,2.0,1459.0,-10,5906,1606,-0.7,0.4,0,0,5.4,0.0,0
2018-09-27 15:00:00,9,-6,47,37,1026,17,0,0,5,-1.0,-1,3,5,-1.0,-1,-11,-12,1.0,1516.0,-10,5901,1600,-0.5,-0.1,0,0,0.0,0.0,0
2018-09-27 16:00:00,7,0,79,38,1026,16,0,0,5,0.0,0,3,5,0.0,0,-11,-12,0.0,1593.0,-10,5903,1602,0.0,0.0,0,0,0.0,0.0,0
2018-09-27 17:00:00,6,-1,71,30,1027,14,0,0,5,1.0,1,3,5,1.0,1,-10,-13,2.0,1625.0,-10,5901,1604,0.4,0.2,0,0,0.0,0.0,0
2018-09-27 18:00:00,0,-5,89,20,1026,14,0,0,5,1.0,2,4,5,2.0,3,-10,-14,4.0,1626.0,-10,5893,1596,0.9,0.2,0,0,0.0,0.0,0
2018-09-27 19:00:00,0,-6,85,13,1025,14,0,0,4,1.0,2,4,5,2.0,3,-10,-13,4.1,1605.0,-10,5888,1592,1.1,-0.1,0,0,0.0,0.0,0
2018-09-27 20:00:00,0,-7,80,10,1026,14,0,0,4,2.0,2,4,6,1.0,2,-10,-13,3.0,1582.0,-11,5888,1593,0.7,-0.2,0,0,0.0,0.0,0
2018-09-27 21:00:00,-1,-8,79,9,1025,14,0,0,4,2.0,2,4,6,1.0,1,-10,-12,3.0,1539.0,-11,5883,1591,0.4,-0.2,0,0,0.0,0.0,0
2018-09-27 22:00:00,-1,-9,77,10,1025,14,0,0,4,2.0,3,4,7,0.0,0,-11,-11,3.0,1486.0,-11,5873,1585,0.3,-0.2,0,0,0.0,0.0,0
2018-09-27 23:00:00,-1,-9,73,11,1025,13,0,0,4,2.0,3,4,8,0.0,0,-11,-10,3.0,1443.0,-11,5868,1584,0.2,-0.1,0,0,0.0,0.0,0
2018-09-28 00:00:00,-1,-9,74,12,1025,13,0,0,4,2.0,3,5,8,0.0,0,-11,-10,3.0,1410.0,-11,5864,1584,0.1,-0.1,0,0,0.0,0.0,0
2018-09-28 01:00:00,-1,-9,77,13,1024,13,0,0,4,2.0,3,5,9,0.0,0,-11,-10,3.0,1382.0,-11,5859,1581,0.2,0.0,0,0,0.0,0.0,0
2018-09-28 02:00:00,-2,-8,80,13,1024,12,0,0,4,3.0,3,5,9,0.0,0,-11,-10,3.0,1356.0,-11,5852,1575,0.3,0.0,0,0,0.0,0.0,0
2018-09-28 03:00:00,-2,-8,82,14,1023,12,0,0,4,3.0,4,5,9,0.0,0,-10,-9,4.0,1335.0,-11,5846,1570,0.4,0.1,0,0,0.0,0.0,0
2018-09-28 04:00:00,-2,-8,82,14,1023,12,0,0,4,3.0,4,5,9,0.0,1,-9,-9,4.0,1329.0,-11,5841,1565,0.4,0.1,0,0,0.0,0.0,0
2018-09-28 05:00:00,-3,-9,83,14,1022,12,0,0,4,3.0,4,5,9,1.0,1,-8,-8,4.0,1328.0,-11,5834,1560,0.5,0.0,0,0,0.0,0.0,0
2018-09-28 06:00:00,3,-7,63,15,1022,12,0,0,4,3.0,4,5,10,0.0,1,-6,-7,4.0,1303.0,-12,5827,1556,0.5,0.0,0,0,0.0,0.0,0
2018-09-28 07:00:00,4,-5,67,17,1021,12,0,0,4,2.0,2,5,11,0.0,0,-5,-6,2.0,1262.0,-12,5819,1551,0.3,0.0,0,0,0.0,0.0,0
2018-09-28 08:00:00,6,-5,58,19,1021,12,0,0,4,2.0,2,6,12,-1.0,-1,-4,-6,3.0,1249.0,-12,5822,1553,-0.1,0.0,0,0,0.0,0.0,0
2018-09-28 09:00:00,7,-5,54,20,1020,13,0,0,5,2.0,2,6,13,-2.0,-2,-4,-5,3.0,1222.0,-12,5820,1549,-0.5,0.0,0,0,0.0,0.0,0
2018-09-28 10:00:00,8,-5,52,27,1019,14,0,0,5,1.0,2,7,13,-2.0,-3,-4,-4,3.0,1171.0,-12,5815,1543,-0.8,-0.3,0,0,0.0,0.0,0
2018-09-28 11:00:00,9,-5,52,44,1018,15,0,0,5,1.0,1,8,14,-3.0,-4,-4,-4,4.0,1093.0,-12,5809,1537,-1.0,-0.6,0,0,0.0,0.0,0
2018-09-28 12:00:00,9,-4,53,56,1018,15,0,0,6,0.0,0,9,14,-4.0,-5,-4,-4,4.0,839.0,-12,5809,1539,-1.3,-0.9,0,0,0.0,0.0,0
2018-09-28 13:00:00,9,-3,57,65,1018,15,0,0,7,0.0,0,10,14,-4.0,-5,-4,-3,4.0,620.0,-12,5807,1540,-1.5,-0.8,0,0,0.0,0.0,0
2018-09-28 14:00:00,8,-3,60,71,1017,15,0,0,7,-1.0,-1,11,14,-4.0,-5,-4,-4,4.0,553.0,-12,5794,1530,-1.4,-0.6,0,0,0.0,0.0,0
2018-09-28 15:00:00,7,-2,66,76,1016,14,0,0,7,0.0,-1,12,13,-4.0,-5,-3,-5,4.0,535.0,-12,5787,1528,-1.4,-0.4,0,0,0.0,0.0,0
2018-09-28 16:00:00,5,-1,80,82,1017,13,0,0,8,0.0,0,13,12,-3.0,-4,-3,-6,5.0,724.0,-13,5785,1532,-1.2,-0.4,0,0,0.0,0.0,0
2018-09-28 17:00:00,0,-1,100,81,1019,11,0,0,9,0.0,0,12,12,-2.0,-3,-4,-6,7.0,678.0,-13,5781,1538,-0.8,-0.4,0,0,0.9,0.0,0
2018-09-28 18:00:00,0,-1,100,78,1019,10,0,0,9,0.0,0,12,14,-1.0,-2,-4,-5,7.0,265.0,-13,5771,1541,-0.4,-0.3,0,6,4.8,0.0,0
2018-09-28 19:00:00,-2,-4,100,78,1020,9,0,0,9,1.0,1,11,15,-1.0,-1,-4,-4,7.0,245.0,-13,5764,1545,-0.2,-0.6,0,0,14.2,0.0,0
2018-09-28 20:00:00,-2,-4,100,83,1020,8,0,0,9,1.0,1,11,17,-1.0,-1,-4,-5,6.0,166.0,-14,5758,1546,0.0,-0.7,0,0,14.0,0.0,0
2018-09-28 21:00:00,-2,-4,100,83,1020,8,0,0,10,1.0,1,11,19,1.0,1,-4,-5,5.0,188.0,-14,5754,1544,0.4,-0.3,0,0,24.6,0.0,0
2018-09-28 22:00:00,-2,-4,100,85,1020,8,0,0,10,0.0,0,12,20,1.0,1,-4,-3,4.0,202.0,-14,5748,1540,0.4,-0.1,0,6,74.4,0.0,0
2018-09-28 23:00:00,-2,-4,100,86,1020,8,0,0,11,0.0,0,12,20,1.0,1,-4,-4,3.0,198.0,-15,5746,1540,0.4,0.0,0,0,67.1,0.0,0
2018-09-29 00:00:00,0,-1,100,88,1021,8,0,0,12,1.0,1,11,19,0.0,0,-5,-3,4.0,144.0,-16,5743,1544,0.1,-0.3,0,11,63.0,0.0,0
2018-09-29 01:00:00,0,-1,100,90,1022,8,0,0,11,1.0,1,10,19,0.0,0,-5,-2,5.0,109.0,-16,5738,1548,0.1,-0.1,0,12,48.4,0.0,6
2018-09-29 02:00:00,-3,-5,100,90,1021,7,0,0,11,1.0,1,8,20,0.0,1,-4,-2,4.0,66.0,-16,5727,1541,0.3,0.0,0,15,44.9,0.0,0
2018-09-29 03:00:00,-3,-5,100,88,1021,7,0,0,11,1.0,1,8,20,0.0,0,-3,-2,5.0,0.0,-16,5722,1539,0.1,0.3,0,15,40.9,0.0,0
2018-09-29 04:00:00,0,-1,100,84,1021,7,0,0,10,1.0,1,8,15,-1.0,-1,-5,-3,4.0,0.0,-16,5724,1540,-0.3,0.5,0,14,51.1,0.0,0
2018-09-29 05:00:00,-1,-2,100,79,1021,6,0,0,9,1.0,2,6,6,0.0,-1,-5,-6,3.0,4.0,-17,5721,1539,0.0,0.5,0,10,52.3,0.0,0
2018-09-29 06:00:00,-1,-2,100,80,1022,6,0,0,9,2.0,2,5,-6,0.0,0,-5,-9,2.0,0.0,-17,5719,1541,0.1,-0.1,0,8,45.9,0.0,0
2018-09-29 07:00:00,0,-2,100,83,1022,7,0,0,9,1.0,2,3,-18,-1.0,-1,-4,-11,2.0,0.0,-17,5718,1541,-0.1,0.0,0,10,26.6,0.0,0
2018-09-29 08:00:00,2,-1,90,83,1022,8,0,0,9,1.0,1,1,-21,-2.0,-3,-3,-11,2.0,0.0,-17,5722,1542,-0.7,0.0,0,15,21.3,0.0,0
2018-09-29 09:00:00,3,-2,81,87,1021,9,0,-6,8,0.0,0,0,-25,-3.0,-3,-3,-13,3.0,18.0,-17,5722,1538,-0.9,0.3,0,29,33.2,0.1,26
2018-09-29 10:00:00,4,-2,74,88,1020,10,0,-8,8,0.0,0,-2,-31,-3.0,-3,-2,-13,3.0,98.0,-17,5723,1532,-1.0,0.4,0,34,35.0,0.2,33
2018-09-29 11:00:00,5,-3,71,87,1020,11,10,-6,8,-1.0,-1,-3,-34,-2.0,-3,-2,-12,2.0,170.0,-16,5727,1531,-0.9,-0.5,0,34,49.6,0.2,26
2018-09-29 12:00:00,5,-3,68,85,1020,11,0,-9,8,-2.0,-2,-5,-35,-1.0,-1,-3,-10,2.0,220.0,-16,5733,1532,-0.6,-0.8,0,32,47.9,0.2,40
2018-09-29 13:00:00,5,-2,73,90,1020,11,10,-4,8,-1.0,-1,-8,-35,0.0,0,-3,-9,1.0,226.0,-15,5737,1533,-0.2,-1.7,0,30,55.7,0.3,46
2018-09-29 14:00:00,4,-1,81,96,1019,11,30,-4,8,0.0,0,-11,-34,0.0,0,-3,-7,0.0,202.0,-15,5735,1529,-0.1,-1.2,0,30,58.3,0.3,66
2018-09-29 15:00:00,3,0,90,97,1019,11,30,-4,8,1.0,1,-13,-33,0.0,0,-2,-6,1.0,182.0,-14,5736,1528,0.0,-1.1,0,28,47.6,0.3,66
2018-09-29 16:00:00,2,0,99,97,1020,10,20,-3,9,1.0,1,-14,-32,1.0,1,-1,-4,2.0,171.0,-13,5743,1533,0.3,-0.8,0,25,46.0,0.2,53
2018-09-29 17:00:00,1,0,100,89,1021,9,0,-4,8,1.0,1,-14,-32,1.0,2,0,-3,4.0,195.0,-13,5746,1536,0.8,0.0,0,20,51.0,0.2,66
2018-09-29 18:00:00,-2,-3,100,78,1021,9,0,0,8,1.1,1,-14,-31,3.4,5,1,-2,5.6,211.0,-13,5746,1533,1.6,0.3,0,19,56.6,0.1,60
2018-09-29 19:00:00,-2,-3,100,76,1021,9,0,0,8,1.1,2,-14,-30,3.4,5,1,0,5.7,227.0,-12,5749,1534,1.7,0.1,0,18,56.7,0.1,40
2018-09-29 20:00:00,-2,-4,100,85,1022,8,0,0,8,1.1,3,-15,-29,3.4,5,1,1,5.6,183.0,-12,5753,1537,1.6,-0.1,0,15,57.9,0.1,46
2018-09-29 21:00:00,-3,-4,100,90,1022,8,0,0,8,2.2,3,-15,-28,3.4,4,2,3,5.6,160.0,-12,5754,1538,1.6,0.2,0,15,65.2,0.1,33
2018-09-29 22:00:00,-3,-4,100,92,1022,8,0,0,8,2.2,3,-14,-27,2.2,4,2,4,5.5,145.0,-12,5752,1537,1.5,0.2,0,15,68.4,0.1,20
2018-09-29 23:00:00,0,-1,100,88,1022,8,0,0,7,2.2,4,-14,-26,2.2,4,2,5,5.5,145.0,-12,5753,1538,1.5,0.2,0,11,70.0,0.1,13
2018-09-30 00:00:00,-2,-2,100,88,1023,7,0,0,7,2.2,3,-14,-25,3.3,4,3,6,5.5,135.0,-12,5754,1540,1.5,0.2,0,10,68.3,0.0,6
2018-09-30 01:00:00,-2,-3,100,82,1022,7,0,0,7,2.2,4,-14,-25,3.4,4,4,7,5.6,154.0,-12,5753,1538,1.6,0.3,0,12,62.4,0.0,0
2018-09-30 02:00:00,-3,-3,100,69,1022,7,0,0,7,2.2,3,-13,-25,3.3,4,4,8,8.9,180.0,-12,5749,1534,1.5,-0.1,0,8,53.3,0.0,0
2018-09-30 03:00:00,-3,-4,100,66,1022,7,0,0,6,2.2,3,-13,-25,3.4,4,5,9,5.6,161.0,-12,5748,1534,1.6,-0.4,0,0,55.3,0.0,0
2018-09-30 04:00:00,-3,-4,100,67,1022,7,0,0,6,2.2,3,-12,-24,3.4,5,5,9,5.6,0.0,-12,5748,1532,1.6,-0.5,0,0,58.5,0.0,0
2018-09-30 05:00:00,-4,-5,100,72,1022,7,0,0,6,1.1,2,-12,-24,3.4,5,6,9,8.0,0.0,-12,5744,1530,1.7,-0.5,0,0,58.9,0.0,0
2018-09-30 06:00:00,-2,-3,100,67,1021,6,0,0,6,2.1,2,-11,-24,3.2,4,6,8,6.4,0.0,-12,5740,1526,1.3,-0.3,0,0,54.3,0.0,0
2018-09-30 07:00:00,0,-2,100,64,1021,7,0,0,6,2.0,2,-10,-23,1.0,1,6,8,4.0,0.0,-13,5737,1524,0.5,-0.3,0,0,44.7,0.0,0
2018-09-30 08:00:00,1,-1,96,63,1020,8,0,-1,7,1.0,2,-10,-23,-1.0,-1,5,9,3.0,0.0,-13,5738,1522,-0.2,-0.3,0,0,34.5,0.0,0
2018-09-30 09:00:00,3,-1,87,73,1019,9,0,-3,7,1.0,1,-9,-23,-2.0,-2,5,9,3.0,10.0,-13,5734,1515,-0.6,-0.1,0,7,33.3,0.0,0
2018-09-30 10:00:00,4,-1,78,87,1018,11,0,-6,7,0.0,0,-9,-22,-2.0,-3,4,9,3.0,132.0,-13,5729,1509,-0.7,-0.2,0,11,36.1,0.0,6
2018-09-30 11:00:00,5,-2,73,87,1016,11,0,-4,8,0.0,0,-8,-21,-2.0,-3,4,10,3.0,202.0,-13,5725,1504,-0.9,-0.8,0,21,54.6,0.0,0
2018-09-30 12:00:00,5,-2,70,88,1016,12,10,-6,8,0.0,0,-8,-21,-3.0,-3,4,11,3.0,246.0,-13,5722,1501,-0.9,-1.1,0,25,69.5,0.0,6
2018-09-30 13:00:00,5,-2,70,88,1015,12,20,0,9,0.0,0,-8,-21,-3.0,-4,4,11,3.0,264.0,-14,5718,1497,-1.1,-0.7,0,28,59.2,0.0,13
2018-09-30 14:00:00,5,-2,73,86,1014,12,20,-8,9,0.0,-1,-7,-21,-3.0,-4,4,12,4.0,268.0,-14,5711,1491,-1.1,-0.3,0,28,41.4,0.1,20
2018-09-30 15:00:00,4,-2,78,86,1014,12,10,-8,9,-1.0,-1,-6,-21,-3.0,-4,4,11,4.0,255.0,-14,5704,1488,-1.1,-0.6,0,24,43.3,0.1,26
2018-09-30 16:00:00,3,-1,87,93,1015,11,20,0,9,-1.0,-2,-5,-20,-3.0,-3,4,11,4.0,199.0,-15,5700,1490,-1.0,-1.3,0,22,57.1,0.1,40
2018-09-30 17:00:00,1,-1,99,95,1015,10,10,0,9,-1.0,-1,-4,-18,-1.0,-2,3,10,5.0,116.0,-15,5694,1492,-0.7,-1.2,0,22,60.2,0.2,53
2018-09-30 18:00:00,1,-1,100,91,1016,9,10,-8,9,0.0,-1,-4,-17,-1.0,-1,2,9,5.0,77.0,-16,5687,1492,-0.4,-1.2,0,16,27.7,0.2,53
2018-09-30 19:00:00,0,-1,98,86,1016,9,0,-13,9,-1.0,-1,-3,-16,0.0,1,2,8,3.0,62.0,-16,5679,1490,0.1,-0.7,0,7,15.5,0.0,0
2018-09-30 20:00:00,-2,-5,100,88,1015,8,0,0,9,-1.0,-1,-2,-14,2.0,2,1,7,2.0,42.0,-17,5672,1487,0.7,-0.3,0,8,30.0,0.0,0
2018-09-30 21:00:00,-2,-5,100,89,1015,8,0,0,9,0.0,0,0,-12,2.0,2,1,6,2.0,25.0,-17,5664,1482,0.7,-0.1,0,9,22.4,0.0,0
2018-09-30 22:00:00,0,-2,94,91,1014,9,0,0,9,1.0,1,2,-10,2.0,2,-1,5,3.0,11.0,-17,5657,1477,0.7,-0.1,0,10,34.5,0.0,0
2018-09-30 23:00:00,0,-2,96,90,1014,9,10,-1,10,1.0,2,4,-8,2.0,3,-1,3,2.0,31.0,-18,5652,1474,1.0,0.0,0,11,58.9,0.0,20
2018-10-01 00:00:00,0,-1,100,94,1014,8,20,0,10,1.0,2,6,-6,2.0,3,-3,2,3.0,28.0,-18,5647,1469,1.0,-0.4,0,31,71.8,0.0,6
