vt,TMP_2,DPT_2,RH_2,RH_700,MSLET_SF,TMP_850,CAPE_180,CIN_180,PWAT_CLM,UGRD_10,UGRD_850,UGRD_500,UGRD_300,VGRD_10,VGRD_850,VGRD_500,VGRD_300,GUST_SF,HGT_0C,TMP_500,HGT_500,HGT_850,VVEL_900,VVEL_700,SNOD_SF,rdrmax,cldave,precave,precpct
2018-09-01 01:00:00,17,14,85,82,1016,14,360,-7,33,1.0,-5,5,10,-2.0,8,15,18,2.0,3482.0,-14,5787,1532,-0.1,-0.9,0,11,81.2,0.1,43
2018-09-01 02:00:00,17,14,89,71,1015,14,310,-10,32,1.0,-6,5,9,-1.0,8,16,18,2.0,3533.0,-14,5780,1523,-1.2,-0.6,0,1,77.4,0.1,43
2018-09-01 03:00:00,16,14,92,80,1016,14,260,-7,33,1.0,-7,5,8,-1.0,8,13,17,1.0,3529.0,-14,5780,1525,0.2,-0.5,0,0,74.5,0.1,31
2018-09-01 04:00:00,16,14,95,93,1015,14,270,-8,35,1.0,-6,3,6,0.0,8,10,15,6.0,3482.0,-14,5780,1525,-1.1,-0.9,0,4,76.0,0.3,75
2018-09-01 05:00:00,16,14,93,76,1015,14,250,-32,34,1.0,-5,3,6,-1.0,8,9,15,6.0,3568.0,-13,5779,1521,0.1,-0.5,0,0,81.5,0.3,68
2018-09-01 06:00:00,18,15,88,66,1015,14,300,-25,33,-1.0,-4,2,5,-1.0,8,10,14,4.0,3599.0,-13,5779,1520,-0.2,-0.3,0,7,82.3,0.0,0
2018-09-01 07:00:00,19,14,75,93,1015,14,420,-20,37,0.0,-4,0,4,0.0,6,13,14,1.0,3485.0,-13,5777,1518,-0.7,-0.2,0,21,82.5,0.0,6
2018-09-01 08:00:00,21,15,68,68,1015,14,380,-32,35,-1.0,-4,0,4,-1.0,5,12,15,2.0,3533.0,-13,5782,1522,-0.1,0.2,0,13,82.5,0.1,18
2018-09-01 09:00:00,22,15,67,51,1015,14,310,-47,34,-1.0,-4,3,3,0.0,6,12,16,2.0,3559.0,-13,5785,1523,-0.4,0.0,0,17,81.2,0.0,0
2018-09-01 10:00:00,24,16,60,54,1014,15,270,-115,34,-2.0,-4,1,3,0.0,7,11,18,2.0,3565.0,-13,5783,1522,0.0,-0.4,0,6,80.4,0.0,0
2018-09-01 11:00:00,24,16,61,62,1014,15,650,-65,34,-2.0,-3,0,-1,1.0,9,12,16,3.0,3399.0,-13,5784,1526,0.9,1.5,0,30,82.4,0.0,0
2018-09-01 12:00:00,26,16,54,57,1014,15,790,-53,35,-2.0,-3,3,-2,1.0,8,11,22,3.0,3465.0,-13,5788,1526,-1.0,0.1,0,18,82.1,0.0,0
2018-09-01 13:00:00,27,15,47,58,1014,15,670,-50,33,-2.0,-4,1,-3,1.0,7,13,21,3.0,3459.0,-13,5791,1527,-0.8,-1.3,0,7,69.6,0.1,18
2018-09-01 14:00:00,27,15,49,66,1013,14,700,-12,35,-2.0,-4,1,-5,0.0,8,14,22,3.0,3449.0,-12,5785,1521,-2.0,-2.7,0,22,80.2,0.9,68
2018-09-01 15:00:00,25,18,64,84,1013,15,1200,-22,35,-2.4,-3,0,-8,-3.6,9,15,21,5.9,3493.0,-12,5783,1518,2.0,-0.1,0,0,59.7,0.8,56
2018-09-01 16:00:00,26,18,62,88,1013,15,1590,-19,35,-2.0,-3,0,-5,-2.0,9,16,22,4.0,3496.0,-13,5785,1523,-0.1,-0.7,0,0,50.5,0.0,0
2018-09-01 17:00:00,23,19,79,89,1013,15,2070,-16,36,-1.0,-4,0,-4,-1.0,9,15,21,4.0,3509.0,-13,5785,1524,0.9,1.6,0,0,35.0,0.6,31
2018-09-01 18:00:00,23,19,79,86,1013,14,1980,-16,37,1.0,-3,0,-2,2.0,10,14,18,4.0,3544.0,-13,5782,1519,-2.0,-2.2,0,0,29.3,1.1,68
2018-09-01 19:00:00,22,19,83,80,1013,14,1540,-26,36,2.0,0,-2,4,-1.0,8,16,20,3.0,3604.0,-14,5780,1520,-0.9,-1.8,0,0,14.2,1.2,68
2018-09-01 20:00:00,20,18,89,76,1013,14,1440,-31,36,0.0,1,-3,5,-2.0,6,16,22,2.0,3635.0,-14,5781,1520,1.0,-0.1,0,0,0.4,0.6,50
2018-09-01 21:00:00,20,18,89,80,1013,14,1370,-36,36,0.0,1,-4,7,-2.0,5,17,23,2.0,3613.0,-14,5777,1518,-0.3,-0.4,0,8,8.1,0.0,12
2018-09-01 22:00:00,19,17,93,85,1013,14,1150,-42,36,1.0,0,-5,6,-3.0,4,17,24,3.0,3614.0,-14,5774,1515,0.2,0.2,0,15,32.6,0.0,12
2018-09-01 23:00:00,18,17,96,92,1013,14,980,-18,37,1.0,-1,-5,3,-2.0,4,17,25,3.0,3579.0,-14,5776,1517,-0.2,0.2,0,0,16.5,0.1,25
2018-09-02 00:00:00,18,16,96,90,1014,14,1010,-15,36,1.0,-1,-6,2,-2.0,4,17,25,3.0,3581.0,-14,5776,1519,0.2,0.2,0,0,20.2,0.3,50
2018-09-02 01:00:00,18,16,94,79,1014,13,1110,-19,35,1.0,-2,-6,0,-2.0,5,16,25,3.0,3530.0,-14,5774,1518,-1.0,0.1,0,0,6.9,0.7,62
2018-09-02 02:00:00,17,16,96,75,1014,13,1100,-19,33,0.0,-2,-5,-2,-3.0,5,17,26,4.0,3475.0,-14,5769,1517,0.1,0.0,0,0,0.0,0.3,43
2018-09-02 03:00:00,17,15,99,76,1014,14,970,-30,33,0.0,-3,-5,-3,-3.0,6,17,26,3.0,3466.0,-14,5767,1518,0.0,0.0,0,0,0.0,0.0,0
2018-09-02 04:00:00,16,15,100,79,1015,14,870,-37,32,0.0,-4,-4,-4,-2.0,7,18,27,3.0,3439.0,-14,5767,1519,-0.5,0.0,0,0,0.0,0.0,0
2018-09-02 05:00:00,18,16,91,69,1015,13,850,-7,33,0.0,-3,-5,-5,-2.0,8,17,28,2.0,3440.0,-15,5766,1520,-0.3,0.4,0,2,0.0,0.0,0
2018-09-02 06:00:00,19,16,84,59,1015,13,820,-7,32,0.0,-3,-8,-4,0.0,8,17,29,1.0,3429.0,-15,5764,1519,-0.3,0.4,0,2,0.0,0.0,6
2018-09-02 07:00:00,21,17,79,62,1015,13,930,-3,32,0.0,-3,-7,-3,0.0,7,19,29,1.0,3383.0,-15,5763,1521,-0.4,0.4,0,0,0.0,0.0,0
2018-09-02 08:00:00,23,17,72,70,1015,13,1060,-13,32,-1.0,-2,-7,-1,1.0,6,21,26,1.0,3312.0,-14,5766,1526,-0.5,0.3,0,9,0.0,0.1,25
2018-09-02 09:00:00,23,17,70,76,1015,13,1080,-6,31,0.0,-2,-7,0,0.0,6,21,25,0.0,3296.0,-15,5769,1526,0.0,0.3,0,11,0.0,0.8,93
2018-09-02 10:00:00,24,17,64,80,1015,14,1240,-4,29,0.0,-2,-6,1,0.0,6,22,25,1.0,3285.0,-15,5770,1528,0.0,0.2,0,7,0.0,0.1,43
2018-09-02 11:00:00,26,16,54,81,1015,14,1090,-8,29,-1.0,-1,-7,1,0.0,6,22,26,2.0,3315.0,-14,5774,1529,0.1,0.1,0,0,0.0,0.0,12
2018-09-02 12:00:00,27,15,47,82,1015,14,890,-14,30,-1.0,-1,-7,0,1.0,4,21,27,2.0,3327.0,-14,5778,1534,0.6,0.2,0,0,3.5,0.0,12
2018-09-02 13:00:00,28,14,42,81,1015,13,730,-6,30,0.0,-1,-5,-1,0.0,4,19,26,2.0,3348.0,-14,5779,1535,-1.3,0.2,0,0,7.5,0.1,31
2018-09-02 14:00:00,27,14,47,80,1014,14,680,-11,30,1.0,-2,-4,-3,0.0,3,17,25,1.0,3388.0,-14,5774,1528,0.1,0.9,0,0,26.1,0.3,50
2018-09-02 15:00:00,24,17,64,81,1014,14,1170,-25,33,1.0,-3,-5,-5,-3.0,4,17,24,5.0,3452.0,-14,5772,1524,-0.6,0.2,0,0,31.0,1.1,87
2018-09-02 16:00:00,25,17,63,80,1014,14,1570,-8,34,1.0,-2,-6,-7,-2.0,3,16,24,3.0,3459.0,-15,5775,1526,-0.5,0.3,0,0,29.4,0.7,62
2018-09-02 17:00:00,23,18,77,78,1014,13,1780,-13,36,1.0,-1,-7,-9,-2.0,1,14,20,5.0,3456.0,-15,5773,1525,0.2,-0.4,0,0,25.4,1.2,50
2018-09-02 18:00:00,21,19,87,80,1014,13,1870,-16,36,2.0,-2,-6,-13,-1.0,1,14,19,4.0,3439.0,-15,5767,1519,0.2,0.6,0,0,36.7,0.4,31
2018-09-02 19:00:00,21,18,84,85,1014,13,1680,-17,37,1.0,-2,-7,-14,-2.0,0,14,18,5.0,3435.0,-15,5765,1517,-1.0,-2.5,0,0,40.9,1.5,87
2018-09-02 20:00:00,21,18,87,90,1014,13,1480,-28,37,2.0,-2,-7,-14,-2.0,0,12,16,5.0,3438.0,-15,5765,1517,0.3,-1.1,0,0,46.6,2.6,87
2018-09-02 21:00:00,20,18,90,86,1013,13,1400,-36,35,1.0,-1,-7,-14,-2.0,1,12,15,2.0,3480.0,-15,5763,1513,-0.5,0.0,0,0,40.5,1.5,87
2018-09-02 22:00:00,19,17,90,74,1012,13,1290,-40,33,1.0,-1,-6,-12,-2.0,2,13,17,2.0,3511.0,-14,5757,1507,0.1,0.0,0,0,46.8,0.4,31
2018-09-02 23:00:00,19,17,90,71,1012,13,1240,-20,33,2.0,-1,-6,-10,-2.0,2,14,16,3.0,3486.0,-14,5757,1506,0.4,0.1,0,0,79.3,0.0,6
2018-09-03 00:00:00,18,16,90,76,1013,13,1220,-20,33,2.0,-1,-7,-6,-2.0,2,13,14,3.0,3421.0,-15,5756,1506,-0.4,-0.2,0,0,77.4,0.0,0
2018-09-03 01:00:00,18,16,90,81,1013,13,1260,-10,33,2.0,-1,-6,-3,-2.0,2,13,14,3.0,3418.0,-15,5752,1504,-0.3,0.1,0,0,53.0,0.0,0
2018-09-03 02:00:00,17,15,92,81,1012,13,1190,-10,32,1.0,-1,-4,-1,-1.0,2,12,13,2.0,3430.0,-15,5748,1500,-0.2,0.1,0,0,0.0,0.0,0
2018-09-03 03:00:00,17,15,92,69,1012,13,1130,-10,31,1.0,-1,-4,2,-2.0,3,12,13,2.0,3460.0,-15,5745,1497,0.0,0.0,0,0,0.1,0.0,0
2018-09-03 04:00:00,16,14,93,62,1012,13,1100,-10,31,1.0,-1,-4,-2,-2.0,3,12,13,2.0,3454.0,-14,5744,1497,0.0,0.0,0,0,2.8,0.0,0
2018-09-03 05:00:00,18,15,86,57,1012,13,1000,-10,30,2.0,-1,-4,-3,-2.0,3,11,13,3.0,3448.0,-14,5741,1494,0.2,0.1,0,0,1.8,0.0,0
2018-09-03 06:00:00,20,15,78,63,1012,13,890,-10,31,1.0,0,-4,-5,-1.0,3,11,13,2.0,3419.0,-14,5736,1491,-0.2,-0.1,0,0,4.9,0.0,0
2018-09-03 07:00:00,21,16,74,68,1011,12,840,-10,31,1.0,1,-4,-8,-1.0,2,10,12,2.0,3412.0,-14,5734,1488,0.0,-0.3,0,10,4.5,0.0,0
2018-09-03 08:00:00,23,17,68,69,1012,12,1010,-10,31,1.0,1,-2,-10,0.0,1,10,10,2.0,3381.0,-14,5736,1492,0.4,0.4,0,2,12.7,0.3,25
2018-09-03 09:00:00,22,17,74,63,1011,12,980,0,32,0.0,1,-2,-12,0.0,1,8,8,1.0,3427.0,-14,5736,1491,-0.6,-0.6,0,0,31.5,1.3,93
2018-09-03 10:00:00,23,17,68,52,1011,12,1040,-4,29,0.0,2,-2,-13,0.0,1,8,7,1.0,3464.0,-14,5735,1488,0.8,0.1,0,6,35.1,0.7,93
2018-09-03 11:00:00,23,17,70,46,1011,12,1100,-4,29,0.0,2,-2,-14,-1.0,2,7,6,1.0,3454.0,-15,5733,1488,-0.9,0.1,0,10,20.6,0.5,68
2018-09-03 12:00:00,24,17,63,47,1011,13,1130,-7,29,1.0,3,-2,-16,0.0,2,6,6,1.0,3448.0,-15,5735,1490,0.7,-0.3,0,8,37.7,0.2,43
2018-09-03 13:00:00,23,16,65,53,1011,12,1040,-11,30,2.0,2,-2,-15,2.0,1,5,5,3.0,3479.0,-15,5736,1487,-0.2,-0.1,0,9,35.7,0.2,50
2018-09-03 14:00:00,24,16,62,57,1010,12,1090,-9,30,2.0,2,-3,-15,2.0,1,4,5,2.0,3464.0,-15,5730,1482,-0.2,0.6,0,2,25.2,0.2,37
2018-09-03 15:00:00,22,16,69,64,1010,13,960,-13,31,2.0,2,-3,-13,1.0,1,5,3,2.0,3432.0,-15,5727,1481,0.2,-0.4,0,1,8.0,0.1,25
2018-09-03 16:00:00,23,16,66,62,1010,13,1130,-7,30,1.0,2,-2,-9,0.0,2,4,4,1.0,3444.0,-15,5728,1482,-0.3,0.1,0,10,16.5,0.0,12
2018-09-03 17:00:00,22,16,72,66,1010,13,930,-16,31,1.0,2,-3,-6,-1.0,2,3,5,2.0,3438.0,-15,5725,1480,-0.4,-0.4,0,7,63.0,0.1,25
2018-09-03 18:00:00,18,15,84,70,1010,12,850,-7,32,0.0,3,-3,-5,0.0,2,3,4,0.0,3420.0,-15,5720,1477,0.0,-0.2,0,2,78.6,0.0,12
2018-09-03 19:00:00,18,15,84,69,1010,12,810,-20,32,0.0,4,-3,-4,1.0,1,2,3,1.0,3414.0,-15,5717,1476,0.1,0.2,0,0,82.5,0.0,0
2018-09-03 20:00:00,18,15,85,71,1010,12,790,-30,33,1.0,4,-3,-3,1.0,1,2,2,2.0,3399.0,-15,5717,1476,0.2,0.1,0,0,75.2,0.0,0
2018-09-03 21:00:00,17,15,89,71,1010,12,740,-20,33,2.0,4,-3,-2,0.0,2,2,1,2.0,3385.0,-16,5713,1473,0.2,0.0,0,0,25.1,0.0,0
2018-09-03 22:00:00,17,15,89,73,1009,12,740,-20,33,1.0,4,-3,-1,0.0,2,2,1,2.0,3344.0,-16,5707,1470,0.2,-0.1,0,0,2.5,0.0,0
2018-09-03 23:00:00,16,14,91,70,1010,12,700,-27,32,1.0,4,-2,0,0.0,1,2,-1,2.0,3327.0,-16,5707,1471,0.3,0.0,0,0,0.2,0.0,0
2018-09-04 00:00:00,16,14,92,65,1010,12,660,-30,31,1.0,3,-1,0,0.0,1,2,-1,1.0,3344.0,-16,5706,1472,0.2,0.0,0,0,0.0,0.0,0
2018-09-04 01:00:00,15,13,94,63,1010,12,590,-29,30,1.0,3,0,1,0.0,1,1,-2,1.0,3332.0,-16,5704,1470,0.2,0.0,0,0,0.6,0.0,0
2018-09-04 02:00:00,14,13,97,60,1009,12,490,-40,29,1.0,3,0,1,0.0,1,0,-1,1.0,3322.0,-16,5700,1467,0.2,0.0,0,0,53.7,0.0,0
2018-09-04 03:00:00,14,13,97,58,1009,12,380,-60,29,1.0,3,0,1,-1.0,1,-1,0,1.0,3317.0,-16,5697,1465,0.2,-0.1,0,0,76.6,0.0,0
2018-09-04 04:00:00,14,12,97,58,1009,12,330,-66,29,1.0,3,-1,2,0.0,0,-1,-1,2.0,3302.0,-16,5696,1465,0.2,-0.1,0,0,81.5,0.0,0
2018-09-04 05:00:00,15,14,96,59,1009,12,320,-72,29,1.0,4,-1,1,0.0,0,-2,-1,1.0,3290.0,-16,5693,1463,0.4,0.1,0,0,80.1,0.0,0
2018-09-04 06:00:00,18,14,80,61,1009,12,320,-65,29,1.0,4,-1,1,-1.0,-1,-2,-2,1.0,3285.0,-16,5690,1459,0.4,0.1,0,0,71.2,0.0,0
2018-09-04 07:00:00,20,15,74,66,1009,12,340,-69,30,1.0,4,0,-1,-1.0,-2,-2,-2,2.0,3284.0,-16,5689,1459,0.3,0.1,0,0,56.5,0.0,0
2018-09-04 08:00:00,22,15,65,71,1009,12,610,-36,31,1.0,4,1,-3,0.0,-3,-2,-3,2.0,3291.0,-16,5694,1463,0.1,0.1,0,0,17.3,0.0,0
2018-09-04 09:00:00,24,15,58,71,1009,12,760,-7,31,1.0,4,1,-5,0.0,-4,-3,-4,2.0,3295.0,-16,5698,1464,-0.2,0.0,0,5,6.0,0.0,0
2018-09-04 10:00:00,22,15,64,70,1008,12,690,-10,31,3.0,3,1,-9,1.0,-3,-4,-9,3.0,3287.0,-16,5698,1463,-0.7,-0.6,0,8,45.9,0.2,50
2018-09-04 11:00:00,24,15,60,70,1008,12,820,-7,32,3.0,4,1,-15,-2.0,-4,-5,-16,4.0,3344.0,-15,5702,1463,0.0,0.1,0,0,60.9,0.4,75
2018-09-04 12:00:00,25,16,58,65,1008,12,970,-4,31,2.0,4,1,-8,-1.0,-3,-7,-16,3.0,3424.0,-15,5709,1464,0.2,0.5,0,0,79.1,0.5,62
2018-09-04 13:00:00,23,16,67,70,1008,12,880,-16,33,3.0,4,1,-7,-1.0,-4,-8,-17,4.0,3414.0,-15,5713,1467,-0.7,-1.2,0,0,74.8,0.5,68
2018-09-04 14:00:00,24,16,61,69,1008,13,980,-4,33,1.0,5,4,-3,-2.0,-4,-9,-18,3.0,3409.0,-14,5711,1464,-0.2,0.2,0,12,76.2,1.0,56
2018-09-04 15:00:00,23,16,68,74,1008,13,850,-15,35,0.0,5,6,0,-2.0,-4,-10,-20,3.0,3381.0,-14,5713,1466,0.0,-0.5,0,7,80.8,1.1,81
2018-09-04 16:00:00,22,17,73,78,1009,12,890,-5,36,-1.0,6,6,3,-1.0,-3,-12,-19,2.0,3442.0,-14,5719,1468,-0.9,-0.8,0,29,78.2,1.1,87
2018-09-04 17:00:00,21,17,81,83,1009,12,650,-2,38,-3.0,5,9,7,-1.0,-2,-12,-20,7.0,3347.0,-13,5716,1470,0.3,1.0,0,44,84.2,1.4,100
2018-09-04 18:00:00,18,17,96,97,1009,13,270,-37,37,-2.0,3,6,11,0.0,-1,-15,-10,3.0,3361.0,-13,5719,1465,-1.1,-1.4,0,50,82.5,4.1,100
2018-09-04 19:00:00,19,17,92,100,1010,12,310,0,38,-1.0,4,4,10,-1.0,-3,-15,-11,2.0,3395.0,-13,5724,1470,0.8,0.6,0,35,91.3,1.7,100
2018-09-04 20:00:00,18,17,94,100,1010,11,270,-1,37,0.0,0,5,9,-1.0,-5,-14,-11,1.0,3415.0,-13,5729,1472,0.4,-1.3,0,27,79.3,1.3,87
2018-09-04 21:00:00,18,17,93,85,1010,11,210,-13,34,1.0,0,6,8,-1.0,-9,-13,-10,1.0,3595.0,-13,5731,1472,0.2,0.3,0,21,25.2,0.7,81
2018-09-04 22:00:00,17,16,96,69,1010,11,130,-34,32,1.0,1,5,9,-1.0,-9,-12,-8,3.0,3764.0,-13,5732,1471,-0.2,0.0,0,18,1.0,0.1,25
2018-09-04 23:00:00,18,17,97,56,1011,11,70,-53,31,1.0,1,5,11,-1.0,-8,-11,-8,4.0,3707.0,-13,5735,1475,-0.4,0.0,0,12,5.0,0.0,6
2018-09-05 00:00:00,16,15,99,53,1011,11,30,-67,30,1.0,-1,4,13,-1.0,-8,-10,-10,2.0,3648.0,-13,5738,1479,-0.2,0.0,0,11,11.5,0.0,0
2018-09-05 01:00:00,16,15,99,55,1011,11,0,0,29,1.0,-2,3,14,-1.0,-8,-9,-10,2.0,3590.0,-14,5738,1482,-0.3,0.0,0,9,23.6,0.0,0
2018-09-05 02:00:00,15,15,100,58,1012,11,0,0,30,1.0,-3,2,14,-2.0,-8,-8,-8,3.0,3533.0,-14,5736,1482,-0.4,0.0,0,8,29.3,0.0,0
2018-09-05 03:00:00,16,15,98,58,1012,11,90,-42,31,1.0,-3,1,15,-2.0,-9,-9,-6,3.0,3514.0,-14,5736,1485,-0.3,0.1,0,13,40.8,0.0,0
2018-09-05 04:00:00,15,14,100,59,1012,12,290,-6,33,1.0,-3,-1,13,-2.0,-10,-9,-5,2.0,3503.0,-14,5739,1489,-0.6,0.0,0,11,64.6,0.0,0
2018-09-05 05:00:00,17,16,92,77,1012,11,540,-2,35,1.0,-3,0,8,-1.0,-9,-7,-4,2.0,3469.0,-14,5738,1490,-0.7,0.0,0,10,84.8,0.0,0
2018-09-05 06:00:00,18,16,91,85,1013,11,530,-2,36,0.0,-3,3,6,-1.0,-9,-6,-4,3.0,3433.0,-15,5737,1491,-0.6,-0.2,0,13,80.9,0.0,18
2018-09-05 07:00:00,20,16,78,76,1013,11,400,-7,35,0.0,-3,6,7,-2.0,-10,-5,-4,5.0,3429.0,-15,5738,1493,-0.5,0.1,0,15,48.3,0.0,0
2018-09-05 08:00:00,22,16,69,64,1013,11,520,-2,33,0.0,-3,6,7,-3.0,-10,-5,-5,6.0,3448.0,-15,5743,1498,-0.4,0.2,0,14,23.9,0.0,0
2018-09-05 09:00:00,23,15,61,56,1013,11,540,-1,31,0.0,-2,5,7,-3.0,-9,-5,-7,4.0,3452.0,-15,5745,1501,-0.4,0.2,0,18,0.9,0.0,6
2018-09-05 10:00:00,24,14,55,47,1013,11,490,-7,29,0.0,-1,5,8,-3.0,-8,-5,-11,4.0,3453.0,-15,5745,1500,-0.4,0.2,0,13,0.0,0.0,0
2018-09-05 11:00:00,25,14,50,43,1012,11,480,-3,27,0.0,-1,5,7,-3.0,-7,-6,-13,4.0,3460.0,-15,5747,1503,-0.2,0.0,0,14,0.0,0.0,0
2018-09-05 12:00:00,26,14,47,42,1012,12,470,-6,26,-1.0,-1,5,8,-3.0,-6,-7,-15,4.0,3444.0,-14,5751,1506,-0.3,0.3,0,12,0.0,0.0,0
2018-09-05 13:00:00,27,14,45,38,1012,12,470,0,24,-1.0,1,4,9,-3.0,-5,-8,-14,4.0,3482.0,-14,5755,1508,-0.4,0.1,0,8,0.0,0.0,0
2018-09-05 14:00:00,26,13,46,40,1012,13,460,-2,24,0.0,1,4,11,-2.0,-5,-8,-13,3.0,3470.0,-14,5753,1504,-0.5,0.2,0,8,0.0,0.0,0
2018-09-05 15:00:00,26,13,45,42,1011,13,440,-4,25,0.0,1,4,12,-2.0,-4,-6,-11,3.0,3465.0,-14,5754,1504,-1.8,0.0,0,8,0.0,0.0,0
2018-09-05 16:00:00,25,14,53,45,1012,13,430,-5,26,-1.0,2,5,13,-1.0,-4,-6,-10,3.0,3488.0,-13,5757,1508,-0.1,-0.4,0,10,0.0,0.0,6
2018-09-05 17:00:00,22,15,64,45,1012,13,530,-17,26,-1.0,3,6,14,0.0,-4,-6,-9,2.0,3488.0,-14,5757,1509,-0.4,0.0,0,9,1.1,0.0,0
2018-09-05 18:00:00,23,15,62,49,1012,13,640,-31,28,1.0,3,6,15,2.0,-4,-6,-8,3.0,3481.0,-14,5753,1506,-2.4,-0.7,0,11,0.0,0.1,25
2018-09-05 19:00:00,19,15,76,53,1013,13,530,-33,29,1.0,2,6,17,0.0,-4,-6,-7,1.0,3436.0,-14,5752,1507,0.3,-0.1,0,10,0.0,0.1,31
2018-09-05 20:00:00,21,16,73,55,1013,12,510,-28,28,0.0,2,7,19,0.0,-3,-5,-7,1.0,3412.0,-14,5753,1508,-0.3,0.0,0,9,0.0,0.1,31
2018-09-05 21:00:00,19,14,75,47,1013,12,490,-24,28,-1.0,2,7,18,0.0,-3,-4,-8,1.0,3448.0,-14,5750,1505,0.1,0.1,0,0,0.0,0.1,18
2018-09-05 22:00:00,19,14,76,51,1012,12,490,-21,28,-1.0,2,7,19,-1.0,-3,-3,-8,1.0,3446.0,-14,5746,1501,-0.1,0.0,0,0,0.0,0.0,0
2018-09-05 23:00:00,18,14,76,52,1013,12,490,-15,28,-1.0,2,6,19,-1.0,-2,-2,-7,1.0,3440.0,-15,5746,1502,-0.1,0.0,0,0,0.0,0.0,0
2018-09-06 00:00:00,18,14,77,55,1013,12,470,-15,28,-1.0,1,6,20,-1.0,-2,-2,-7,2.0,3426.0,-15,5745,1501,0.0,0.0,0,0,0.0,0.0,0
2018-09-06 01:00:00,18,13,77,61,1013,12,400,-26,29,-1.0,2,5,20,-1.0,-1,-2,-7,2.0,3395.0,-15,5742,1500,-0.2,-0.4,0,0,3.3,0.0,0
2018-09-06 02:00:00,17,13,80,66,1013,12,260,-34,29,-1.0,2,4,20,-1.0,-1,0,-8,2.0,3372.0,-15,5739,1498,-0.4,-0.3,0,6,64.0,0.0,0
2018-09-06 03:00:00,17,14,81,71,1013,12,280,-37,30,0.0,3,4,22,-2.0,-1,0,-9,2.0,3327.0,-16,5736,1498,-0.4,-0.5,0,9,60.4,0.0,0
2018-09-06 04:00:00,17,13,80,75,1013,12,350,-17,31,0.0,4,6,24,-2.0,-1,-1,-6,2.0,3297.0,-16,5733,1499,0.1,0.0,0,20,73.9,0.0,0
2018-09-06 05:00:00,17,13,77,77,1013,11,420,-2,31,1.0,4,5,22,-1.0,-1,-3,-4,2.0,3284.0,-17,5728,1498,-0.4,0.0,0,22,65.1,0.0,0
2018-09-06 06:00:00,18,13,70,79,1013,11,490,-1,32,1.0,4,8,19,0.0,0,-4,-4,1.0,3293.0,-17,5724,1496,-0.2,0.1,0,18,45.8,0.0,6
2018-09-06 07:00:00,20,13,64,86,1013,11,370,-13,31,1.0,4,9,16,0.0,1,-3,-7,2.0,3240.0,-17,5722,1497,-0.3,-0.6,0,13,40.8,0.0,6
2018-09-06 08:00:00,22,14,61,84,1013,12,260,-54,29,2.0,4,12,15,1.0,0,-2,-8,2.0,3296.0,-17,5723,1498,-0.1,0.1,0,11,21.4,0.1,6
2018-09-06 09:00:00,23,15,61,87,1013,12,570,-7,29,2.0,5,14,13,2.0,1,-4,-10,3.0,3269.0,-16,5722,1498,0.0,-0.4,0,0,5.2,0.0,0
2018-09-06 10:00:00,24,14,54,87,1012,12,500,-12,28,2.0,4,11,11,2.0,3,-6,-11,3.0,3238.0,-16,5722,1497,0.1,-0.1,0,0,6.9,0.1,12
2018-09-06 11:00:00,24,15,57,80,1012,12,610,-6,29,4.0,3,7,9,1.0,2,-5,-11,4.0,3248.0,-16,5723,1496,0.6,0.0,0,3,0.0,0.2,25
2018-09-06 12:00:00,25,15,55,71,1012,12,720,-5,28,3.0,4,3,8,0.0,2,-6,-11,3.0,3332.0,-16,5727,1496,0.2,0.3,0,0,0.0,0.2,31
2018-09-06 13:00:00,25,15,56,67,1011,13,700,-12,28,3.0,4,1,7,0.0,1,-6,-11,3.0,3349.0,-15,5730,1494,0.7,0.2,0,0,0.0,0.2,31
2018-09-06 14:00:00,25,15,54,63,1011,13,700,-13,28,2.0,4,0,6,0.0,1,-7,-10,3.0,3392.0,-15,5730,1490,0.5,0.3,0,6,0.0,0.1,37
2018-09-06 15:00:00,24,15,58,61,1010,13,660,-13,28,2.0,3,-2,5,0.0,1,-7,-9,2.0,3441.0,-14,5733,1488,-1.2,-0.6,0,0,0.0,0.1,43
2018-09-06 16:00:00,24,15,60,60,1011,13,640,-15,28,1.0,3,-2,6,0.0,1,-5,-8,2.0,3468.0,-14,5737,1489,0.3,0.2,0,0,0.0,0.0,12
2018-09-06 17:00:00,21,16,74,56,1011,13,610,-13,28,0.0,3,-1,5,1.0,0,-4,-8,1.0,3501.0,-13,5740,1489,0.3,0.0,0,0,0.0,0.0,0
2018-09-06 18:00:00,20,16,78,59,1010,13,630,-14,29,1.0,2,-1,6,1.0,0,-4,-6,2.0,3488.0,-13,5737,1487,0.2,0.0,0,0,0.0,0.0,6
2018-09-06 19:00:00,19,16,81,62,1011,13,520,-20,30,1.0,2,-1,6,1.0,0,-4,-5,2.0,3493.0,-14,5738,1487,0.2,0.1,0,0,0.0,0.0,0
2018-09-06 20:00:00,18,15,82,62,1011,12,460,-22,30,1.0,2,0,6,0.0,1,-3,-5,1.0,3481.0,-14,5738,1488,0.1,0.0,0,0,0.0,0.0,0
2018-09-06 21:00:00,18,15,83,63,1011,12,450,-34,29,1.0,2,1,5,0.0,1,-3,-4,1.0,3454.0,-14,5737,1487,0.0,0.0,0,0,0.0,0.0,0
2018-09-06 22:00:00,18,15,83,62,1011,12,450,-30,29,1.0,2,1,5,0.0,1,-3,-4,1.0,3443.0,-14,5735,1486,0.1,0.0,0,0,0.0,0.0,0
2018-09-06 23:00:00,18,14,82,59,1011,12,460,-16,29,1.0,2,1,5,-1.0,1,-3,-4,2.0,3454.0,-14,5736,1487,0.2,0.0,0,0,0.0,0.0,0
2018-09-07 00:00:00,17,14,84,54,1011,12,470,-16,28,1.0,2,2,4,-1.0,1,-3,-4,2.0,3480.0,-14,5737,1488,0.4,0.1,0,0,0.0,0.0,0
2018-09-07 01:00:00,17,14,85,48,1011,12,510,-26,28,1.0,2,2,4,-1.0,1,-3,-3,2.0,3516.0,-14,5738,1487,0.3,0.1,0,0,0.0,0.0,0
2018-09-07 02:00:00,17,14,86,43,1011,12,500,-27,27,1.0,3,2,4,-2.0,1,-3,-3,2.0,3538.0,-14,5737,1487,0.2,0.1,0,0,0.0,0.0,0
2018-09-07 03:00:00,16,14,88,40,1011,12,480,-27,26,1.0,3,2,3,-2.0,1,-3,-3,2.0,3531.0,-14,5737,1487,0.2,0.1,0,0,0.0,0.0,0
2018-09-07 04:00:00,16,13,88,36,1011,12,460,-25,26,1.0,3,2,4,-2.0,1,-3,-2,2.0,3548.0,-14,5738,1488,0.0,0.1,0,0,4.0,0.0,0
2018-09-07 05:00:00,17,14,87,33,1011,12,430,-24,26,1.0,3,2,4,-1.0,1,-3,-2,2.0,3552.0,-14,5737,1488,0.1,0.0,0,0,33.3,0.0,0
2018-09-07 06:00:00,20,15,74,35,1011,12,380,-25,26,1.0,3,2,5,-1.0,0,-2,-2,2.0,3546.0,-14,5737,1488,0.1,0.0,0,0,33.3,0.0,0
2018-09-07 07:00:00,22,15,69,39,1012,12,350,-26,26,1.0,2,2,6,-1.0,0,-2,-2,2.0,3518.0,-14,5738,1489,0.1,-0.1,0,0,33.3,0.0,0
2018-09-07 08:00:00,23,15,62,42,1012,12,580,-13,26,1.0,2,2,6,0.0,-1,-2,-2,2.0,3499.0,-14,5743,1495,0.1,0.0,0,0,31.1,0.0,0
2018-09-07 09:00:00,24,15,57,44,1012,12,690,-3,26,1.0,2,3,6,0.0,-1,-2,-2,2.0,3493.0,-14,5746,1498,0.2,0.0,0,8,21.2,0.0,0
2018-09-07 10:00:00,25,15,53,50,1012,12,720,-8,27,1.0,1,3,6,0.0,-2,-2,-2,1.0,3474.0,-14,5747,1499,-0.3,0.0,0,7,6.9,0.0,0
2018-09-07 11:00:00,26,14,49,58,1012,12,710,-3,28,1.0,1,3,7,1.0,-2,-2,-1,1.0,3466.0,-14,5749,1500,-0.2,0.0,0,7,6.4,0.0,0
2018-09-07 12:00:00,26,14,48,59,1012,12,700,-9,29,1.0,1,3,7,1.0,-1,-2,-2,1.0,3482.0,-14,5755,1504,-1.0,0.2,0,8,11.3,0.0,0
2018-09-07 13:00:00,27,14,45,51,1012,13,660,0,28,0.0,1,3,7,1.0,-1,-2,-4,1.0,3536.0,-14,5759,1506,0.6,0.1,0,6,0.0,0.0,0
2018-09-07 14:00:00,27,14,44,47,1011,13,630,-3,28,1.0,1,3,6,0.0,-1,-2,-7,1.0,3589.0,-14,5758,1503,-0.2,0.2,0,7,0.0,0.0,0
2018-09-07 15:00:00,26,13,45,47,1011,13,620,-4,28,0.0,0,4,6,0.0,-1,-2,-9,1.0,3635.0,-14,5759,1502,-1.7,0.4,0,6,0.0,0.0,0
2018-09-07 16:00:00,26,14,50,46,1012,13,810,-13,29,-1.0,0,4,7,1.0,-1,-3,-10,1.0,3684.0,-14,5764,1507,-2.1,0.1,0,9,0.2,0.0,6
2018-09-07 17:00:00,24,16,61,48,1012,13,950,-25,31,1.0,0,4,8,1.0,-1,-4,-9,2.0,3673.0,-14,5766,1508,-0.3,-0.3,0,9,6.1,0.2,37
2018-09-07 18:00:00,20,15,74,50,1012,13,810,-29,31,1.0,0,4,8,0.0,-1,-5,-8,1.0,3608.0,-14,5764,1508,0.6,-0.2,0,9,5.6,0.2,25
2018-09-07 19:00:00,20,15,75,52,1013,13,880,-26,30,0.0,0,3,8,0.0,-1,-5,-7,0.0,3594.0,-14,5765,1511,0.2,-0.1,0,0,12.8,0.0,0
2018-09-07 20:00:00,19,15,76,58,1013,13,910,-25,31,1.0,0,3,9,0.0,-2,-5,-6,1.0,3548.0,-14,5767,1514,0.4,-0.1,0,0,0.0,0.0,0
2018-09-07 21:00:00,19,15,78,63,1013,13,810,-29,30,1.0,-1,3,10,-1.0,-3,-4,-6,2.0,3524.0,-14,5767,1514,0.1,-0.1,0,0,0.5,0.0,0
2018-09-07 22:00:00,19,15,79,66,1013,13,720,-35,31,1.0,-1,3,10,-2.0,-3,-4,-6,2.0,3505.0,-14,5765,1513,0.0,0.0,0,0,0.0,0.0,0
2018-09-07 23:00:00,19,15,81,67,1014,13,590,-39,31,1.0,-1,3,10,-2.0,-3,-4,-5,3.0,3513.0,-14,5767,1516,0.0,0.1,0,0,0.3,0.0,0
2018-09-08 00:00:00,18,15,84,68,1014,13,540,-17,31,0.0,-1,3,10,-2.0,-3,-3,-4,3.0,3500.0,-14,5769,1518,-0.2,0.0,0,0,1.0,0.0,0
2018-09-08 01:00:00,17,15,86,69,1015,12,550,-14,31,0.0,-1,3,10,-2.0,-2,-3,-4,3.0,3476.0,-14,5769,1520,-0.2,-0.1,0,0,0.1,0.0,0
2018-09-08 02:00:00,17,14,87,69,1015,12,510,-28,31,1.0,-1,3,10,-2.0,-2,-3,-4,2.0,3487.0,-14,5769,1521,-0.2,0.1,0,0,0.0,0.0,0
2018-09-08 03:00:00,17,14,87,67,1015,12,480,-26,31,1.0,-1,3,10,-2.0,-2,-2,-4,3.0,3522.0,-14,5770,1521,-0.1,0.1,0,0,0.0,0.0,0
2018-09-08 04:00:00,16,14,90,66,1015,12,500,-21,31,1.0,0,3,10,-2.0,-2,-2,-4,2.0,3521.0,-15,5772,1524,-0.1,0.0,0,11,0.0,0.0,0
2018-09-08 05:00:00,17,15,88,66,1016,12,490,-18,31,1.0,0,3,9,-2.0,-2,-1,-5,2.0,3510.0,-15,5771,1525,-0.1,0.0,0,11,0.0,0.0,0
2018-09-08 06:00:00,20,15,74,67,1016,12,480,-17,31,0.0,0,3,8,-2.0,-2,-1,-5,2.0,3477.0,-15,5771,1525,-0.1,-0.1,0,10,0.0,0.0,0
2018-09-08 07:00:00,21,15,69,67,1016,12,470,-15,32,0.0,0,3,7,-1.0,-2,-1,-5,2.0,3469.0,-15,5772,1527,0.0,-0.1,0,0,0.0,0.0,0
2018-09-08 08:00:00,23,16,62,67,1017,12,650,-18,32,0.0,0,3,6,-1.0,-2,-1,-4,2.0,3478.0,-15,5778,1533,-0.1,0.0,0,11,0.0,0.0,0
2018-09-08 09:00:00,25,15,57,67,1017,12,770,-4,32,-1.0,0,3,5,-2.0,-2,0,-4,2.0,3474.0,-15,5780,1535,0.3,0.0,0,11,0.0,0.0,6
2018-09-08 10:00:00,25,15,56,69,1016,12,760,-8,32,0.0,-1,3,5,-1.0,-2,0,-3,2.0,3483.0,-15,5781,1536,-0.5,0.1,0,12,7.4,0.1,37
2018-09-08 11:00:00,24,15,57,71,1017,12,720,-9,32,0.0,-2,3,5,-1.0,-2,0,-4,1.0,3485.0,-15,5784,1537,0.0,-0.2,0,0,0.0,0.1,31
2018-09-08 12:00:00,26,15,52,71,1017,12,790,0,32,1.0,-2,3,5,-1.0,-2,-1,-5,2.0,3513.0,-15,5790,1541,-0.6,0.1,0,1,0.3,0.1,31
2018-09-08 13:00:00,25,15,55,73,1017,12,800,-3,32,1.0,-2,3,6,0.0,-1,-1,-6,1.0,3544.0,-15,5793,1543,-1.0,-0.3,0,0,0.2,0.1,18
2018-09-08 14:00:00,26,15,53,71,1016,13,770,-10,31,1.1,-2,3,6,-1.1,-1,-1,-6,1.1,3563.0,-14,5792,1540,1.4,0.3,0,0,0.0,0.1,12
2018-09-08 15:00:00,26,15,51,71,1016,13,740,-7,31,2.0,-2,4,8,0.0,-1,-1,-6,1.0,3559.0,-14,5794,1541,0.3,-0.1,0,0,0.3,0.0,12
2018-09-08 16:00:00,25,16,55,72,1017,13,910,-4,32,2.0,-2,3,9,0.0,-1,-1,-6,2.0,3588.0,-14,5799,1544,-0.7,0.1,0,0,0.0,0.1,18
2018-09-08 17:00:00,21,17,75,71,1017,13,1040,-12,32,1.0,-2,4,9,-1.0,-1,-1,-6,1.0,3599.0,-14,5801,1547,0.1,0.0,0,0,0.0,0.0,6
2018-09-08 18:00:00,20,16,78,70,1017,13,1030,-14,32,1.0,-3,4,9,-1.0,0,-2,-6,2.0,3570.0,-14,5800,1547,-0.3,-0.1,0,0,0.0,0.0,12
2018-09-08 19:00:00,20,16,79,73,1018,13,770,-22,32,1.0,-3,4,9,-2.0,0,-3,-6,2.0,3541.0,-14,5802,1550,-0.2,0.1,0,7,0.0,0.0,0
2018-09-08 20:00:00,20,16,81,73,1018,12,680,-21,32,1.0,-2,3,9,-2.0,0,-2,-7,3.0,3543.0,-14,5803,1553,-0.7,0.0,0,0,0.0,0.0,0
2018-09-08 21:00:00,19,16,83,73,1019,12,460,-2,32,1.0,-2,3,10,-2.0,0,-2,-7,3.0,3524.0,-14,5802,1553,-0.7,0.1,0,0,0.0,0.0,0
2018-09-08 22:00:00,18,15,84,74,1019,12,410,-1,32,1.0,-1,3,10,-2.0,0,-2,-6,3.0,3511.0,-14,5801,1553,-0.5,0.0,0,0,0.0,0.0,0
2018-09-08 23:00:00,18,15,84,74,1019,12,370,0,31,1.0,-1,4,11,-3.0,0,-2,-5,3.0,3517.0,-14,5804,1557,-0.3,0.0,0,0,0.0,0.0,0
2018-09-09 00:00:00,17,14,86,72,1020,12,340,-1,31,1.0,0,5,11,-3.0,0,-2,-5,8.0,3532.0,-14,5807,1559,-0.2,0.1,0,0,0.0,0.0,0
2018-09-09 01:00:00,17,14,87,72,1020,12,310,-2,31,1.0,0,6,11,-3.0,-1,-2,-4,3.0,3525.0,-14,5807,1559,-0.3,0.0,0,0,0.0,0.0,0
2018-09-09 02:00:00,16,14,90,72,1020,12,240,-2,31,1.0,0,6,12,-2.0,-1,-3,-4,7.0,3520.0,-14,5805,1559,-0.4,0.0,0,0,0.0,0.0,0
2018-09-09 03:00:00,16,14,89,72,1020,11,180,-3,32,1.0,0,6,13,-2.0,-2,-3,-4,7.0,3540.0,-14,5806,1559,-0.3,0.0,0,0,0.0,0.0,0
2018-09-09 04:00:00,15,13,92,73,1021,11,150,-4,32,1.0,0,6,14,-2.0,-2,-4,-5,6.0,3531.0,-15,5806,1561,-0.2,0.0,0,0,0.0,0.0,0
2018-09-09 05:00:00,16,14,89,75,1021,11,120,-5,31,1.0,0,5,13,-2.0,-2,-4,-6,3.0,3499.0,-15,5805,1562,-0.4,-0.1,0,0,0.0,0.0,0
2018-09-09 06:00:00,19,15,77,76,1021,11,100,-2,31,0.0,0,5,10,-2.0,-2,-4,-9,4.0,3490.0,-15,5804,1563,-0.4,0.0,0,0,0.0,0.0,0
2018-09-09 07:00:00,21,15,69,75,1021,11,50,-14,31,-1.0,-1,5,8,-2.0,-3,-5,-10,3.0,3507.0,-15,5805,1564,-0.3,0.1,0,0,0.0,0.0,0
2018-09-09 08:00:00,23,14,59,74,1022,11,20,-54,30,-1.0,-1,5,8,-2.0,-3,-5,-11,3.0,3521.0,-14,5811,1569,-0.2,0.0,0,0,0.0,0.0,0
2018-09-09 09:00:00,24,13,51,72,1022,11,10,-50,30,-2.0,-2,5,8,-1.0,-3,-5,-11,3.0,3535.0,-14,5814,1571,-0.2,0.0,0,0,0.0,0.0,0
2018-09-09 10:00:00,25,13,46,73,1021,11,0,0,30,-2.0,-2,5,9,-1.0,-3,-5,-10,3.0,3534.0,-14,5816,1572,0.1,0.0,0,11,0.0,0.0,0
2018-09-09 11:00:00,26,12,42,73,1021,11,0,-2,29,-2.0,-2,5,10,-1.0,-2,-6,-10,2.0,3535.0,-14,5818,1573,0.0,0.0,0,8,0.0,0.0,0
2018-09-09 12:00:00,27,12,40,74,1021,11,0,0,29,-2.0,-2,5,11,-1.0,-2,-6,-10,2.0,3541.0,-14,5823,1576,0.2,0.0,0,5,0.0,0.0,0
2018-09-09 13:00:00,27,12,40,74,1021,12,20,-35,29,-2.0,-1,6,11,-1.0,-1,-5,-9,2.0,3562.0,-14,5825,1576,0.4,0.1,0,2,0.0,0.0,0
2018-09-09 14:00:00,27,12,40,69,1020,12,50,-24,29,-1.0,-1,7,11,-1.0,-1,-5,-10,2.0,3587.0,-14,5823,1573,0.0,0.0,0,12,0.0,0.0,0
2018-09-09 15:00:00,27,12,41,63,1020,12,80,-17,28,-1.0,-1,8,10,-1.0,-1,-5,-10,2.0,3643.0,-14,5822,1572,-1.0,0.1,0,10,0.0,0.0,0
2018-09-09 16:00:00,26,13,43,60,1020,12,100,-13,29,-1.0,-1,9,10,-2.0,-1,-5,-11,2.0,3673.0,-14,5826,1575,-1.9,0.2,0,12,0.0,0.0,0
2018-09-09 17:00:00,25,13,47,59,1020,12,160,-5,29,-1.0,-1,10,10,-2.0,0,-6,-11,4.0,3659.0,-14,5825,1575,-1.5,0.1,0,12,3.7,0.0,0
2018-09-09 18:00:00,21,15,66,63,1020,12,210,-15,31,0.0,-1,9,11,-2.0,0,-8,-12,5.0,3599.0,-14,5822,1573,-0.5,0.0,0,12,3.3,0.0,0
2018-09-09 19:00:00,20,15,72,65,1021,12,80,-30,31,0.0,0,8,11,-2.0,-1,-11,-12,3.0,3558.0,-14,5822,1575,0.1,-0.1,0,3,16.5,0.0,0
2018-09-09 20:00:00,19,14,73,63,1021,12,30,-22,30,0.0,0,8,11,-2.0,-1,-13,-12,3.0,3504.0,-14,5823,1577,-0.3,-0.1,0,0,33.3,0.0,0
2018-09-09 21:00:00,18,14,79,64,1022,12,20,-20,29,1.0,1,8,11,-2.0,-1,-13,-13,3.0,3455.0,-14,5821,1577,-0.2,0.0,0,0,27.9,0.0,0
2018-09-09 22:00:00,17,14,84,63,1022,12,10,-16,28,1.0,1,8,10,-2.0,-1,-14,-13,2.0,3442.0,-14,5819,1576,-0.4,0.1,0,0,0.0,0.0,0
2018-09-09 23:00:00,17,14,86,58,1022,12,0,0,27,1.0,1,8,10,-2.0,-2,-14,-12,2.0,3471.0,-14,5821,1578,-0.3,0.1,0,0,0.0,0.0,0
2018-09-10 00:00:00,16,14,88,50,1023,12,0,0,26,1.0,1,9,10,-2.0,-2,-14,-12,2.0,3512.0,-14,5822,1579,-0.4,0.2,0,0,0.0,0.0,0
2018-09-10 01:00:00,16,13,85,42,1023,11,0,0,25,1.0,2,10,10,-2.0,-3,-14,-11,2.0,3557.0,-14,5824,1579,-0.4,0.2,0,0,0.0,0.0,0
2018-09-10 02:00:00,16,13,86,38,1023,11,10,-3,25,1.0,2,11,9,-2.0,-3,-14,-10,2.0,3577.0,-14,5823,1578,-0.1,0.0,0,8,0.0,0.0,0
2018-09-10 03:00:00,16,13,86,35,1023,11,10,-2,24,1.0,2,11,8,-2.0,-3,-13,-9,3.0,3582.0,-14,5822,1577,0.0,-0.1,0,6,0.0,0.0,0
2018-09-10 04:00:00,15,13,88,32,1023,11,10,-3,24,1.0,3,12,8,-2.0,-3,-12,-7,3.0,3585.0,-14,5821,1577,-0.2,-0.1,0,1,0.0,0.0,0
2018-09-10 05:00:00,16,14,86,31,1023,11,0,-2,23,1.0,2,12,8,-2.0,-3,-12,-6,3.0,3575.0,-14,5820,1578,-0.1,-0.1,0,0,0.0,0.0,0
2018-09-10 06:00:00,19,14,74,29,1023,11,0,0,23,0.0,2,12,8,-2.0,-3,-11,-5,2.0,3555.0,-14,5819,1576,0.0,-0.2,0,0,0.0,0.0,0
2018-09-10 07:00:00,21,14,65,28,1023,11,0,0,23,0.0,2,11,8,-2.0,-3,-12,-4,2.0,3562.0,-14,5818,1576,0.2,-0.2,0,0,0.0,0.0,0
2018-09-10 08:00:00,23,13,54,27,1023,11,0,0,22,0.0,2,11,8,-1.0,-4,-11,-4,1.0,3586.0,-14,5823,1581,0.2,-0.2,0,0,0.0,0.0,0
2018-09-10 09:00:00,24,12,48,25,1023,11,0,0,22,0.0,2,10,7,-1.0,-4,-11,-5,1.0,3595.0,-15,5826,1584,0.2,-0.1,0,0,0.0,0.0,0
2018-09-10 10:00:00,25,13,46,23,1023,11,20,-60,22,0.0,1,10,6,-1.0,-4,-11,-6,1.0,3601.0,-15,5825,1583,0.2,-0.1,0,0,0.0,0.0,0
2018-09-10 11:00:00,26,13,44,22,1023,11,80,-21,22,0.0,1,9,6,-1.0,-3,-11,-7,1.0,3616.0,-15,5826,1584,0.4,0.0,0,5,0.0,0.0,0
2018-09-10 12:00:00,27,13,42,20,1023,11,110,-24,22,0.0,1,8,7,-1.0,-2,-11,-9,2.0,3649.0,-15,5832,1588,0.0,0.0,0,3,0.0,0.0,0
2018-09-10 13:00:00,27,12,40,20,1023,12,130,-17,22,0.0,1,8,9,-1.0,-1,-10,-11,1.0,3653.0,-15,5835,1590,0.3,0.1,0,0,0.0,0.0,0
2018-09-10 14:00:00,27,12,40,19,1022,12,140,-14,22,0.0,1,8,11,-1.0,-2,-10,-13,2.0,3644.0,-15,5831,1587,0.2,0.2,0,0,0.0,0.0,0
2018-09-10 15:00:00,27,12,40,18,1022,13,140,-6,22,1.0,1,8,8,-1.0,-1,-10,-14,1.0,3645.0,-14,5831,1585,-0.6,0.3,0,1,0.0,0.0,0
2018-09-10 16:00:00,27,13,42,17,1022,12,160,-12,22,1.0,1,8,7,0.0,-1,-11,-16,1.0,3651.0,-14,5836,1589,-1.8,0.4,0,4,0.0,0.0,0
2018-09-10 17:00:00,26,14,50,19,1022,13,420,-17,23,1.0,0,8,6,1.0,-2,-12,-17,1.0,3655.0,-14,5839,1591,-2.6,0.8,0,5,0.0,0.0,0
2018-09-10 18:00:00,21,15,71,21,1023,13,430,-13,24,2.0,0,8,5,1.0,-3,-13,-19,2.0,3640.0,-14,5838,1589,-0.8,0.6,0,3,0.0,0.0,0
2018-09-10 19:00:00,20,15,75,25,1023,13,270,-21,24,2.0,0,7,5,0.0,-5,-14,-20,2.0,3605.0,-14,5841,1592,0.3,0.0,0,0,0.0,0.0,0
2018-09-10 20:00:00,19,15,74,32,1023,13,180,-28,25,2.0,0,7,4,-1.0,-4,-14,-22,2.0,3569.0,-13,5842,1594,0.2,-0.2,0,0,0.0,0.0,0
2018-09-10 21:00:00,19,14,72,38,1023,13,180,-17,25,2.0,0,7,2,-1.0,-4,-15,-24,2.0,3533.0,-13,5842,1594,0.1,0.0,0,0,0.0,0.0,0
2018-09-10 22:00:00,19,14,73,46,1023,13,130,-18,26,2.0,0,8,-3,-1.0,-4,-15,-26,2.0,3487.0,-13,5841,1594,0.3,-0.1,0,0,32.2,0.0,0
2018-09-10 23:00:00,18,14,77,52,1024,13,130,-42,28,1.0,0,8,-4,-1.0,-4,-14,-28,2.0,3457.0,-13,5844,1598,0.2,-0.1,0,0,32.6,0.0,0
2018-09-11 00:00:00,18,14,78,52,1024,13,140,-43,29,1.0,1,8,-2,-1.0,-4,-15,-30,2.0,3449.0,-13,5847,1601,0.1,0.0,0,0,20.2,0.0,0
2018-09-11 01:00:00,18,14,80,48,1024,13,140,-37,29,1.0,2,9,0,-2.0,-2,-15,-31,3.0,3461.0,-12,5849,1603,-0.2,-0.1,0,0,29.6,0.0,0
2018-09-11 02:00:00,17,14,84,43,1024,13,170,-25,30,1.0,2,9,1,-2.0,-2,-16,-32,3.0,3478.0,-12,5848,1601,0.0,0.0,0,0,18.3,0.0,0
2018-09-11 03:00:00,17,14,84,42,1024,13,160,-22,31,2.0,3,9,0,-2.0,-1,-17,-32,3.0,3495.0,-12,5849,1599,0.1,-0.1,0,0,6.1,0.0,0
2018-09-11 04:00:00,17,14,84,50,1024,13,120,-27,31,2.0,3,6,-1,-2.0,-2,-19,-31,3.0,3513.0,-12,5853,1600,-0.1,0.0,0,7,1.0,0.0,0
2018-09-11 05:00:00,18,13,78,55,1025,13,90,-11,31,2.0,4,3,-2,-2.0,-2,-20,-30,3.0,3490.0,-11,5858,1601,-0.3,0.2,0,0,1.9,0.0,0
2018-09-11 06:00:00,20,13,64,58,1024,13,40,-23,30,1.0,3,2,-2,-2.0,-3,-20,-28,3.0,3481.0,-10,5860,1599,-0.1,0.4,0,0,21.4,0.0,0
2018-09-11 07:00:00,22,13,56,59,1024,13,0,0,29,1.0,2,1,-1,-2.0,-6,-19,-26,3.0,3551.0,-10,5865,1600,-0.2,0.3,0,0,33.1,0.0,0
2018-09-11 08:00:00,25,13,47,56,1025,13,0,0,28,1.0,1,2,-1,-2.0,-7,-18,-25,3.0,3675.0,-10,5875,1606,-0.3,0.2,0,0,33.3,0.0,0
2018-09-11 09:00:00,26,12,41,58,1025,13,0,0,29,2.0,0,3,-1,-2.0,-7,-16,-25,3.0,3752.0,-10,5881,1610,-0.3,0.3,0,0,33.3,0.0,0
2018-09-11 10:00:00,27,12,39,60,1025,13,0,0,30,1.0,0,4,-1,-2.0,-7,-15,-23,3.0,3826.0,-10,5883,1610,0.0,0.4,0,0,33.3,0.0,0
2018-09-11 11:00:00,28,12,37,61,1024,13,0,0,31,1.0,1,5,0,-2.0,-6,-15,-23,3.0,3890.0,-10,5888,1612,-0.4,0.3,0,0,33.3,0.0,0
2018-09-11 12:00:00,29,11,34,60,1025,13,0,0,31,1.0,1,5,0,-2.0,-4,-15,-22,3.0,3958.0,-10,5897,1616,-0.6,0.2,0,0,33.3,0.0,0
2018-09-11 13:00:00,29,11,32,59,1024,14,0,0,31,1.0,1,5,0,-2.0,-4,-15,-22,3.0,4018.0,-10,5902,1618,-0.7,0.0,0,0,34.1,0.0,0
2018-09-11 14:00:00,29,10,31,61,1024,14,0,0,31,1.0,2,5,0,-2.0,-3,-15,-21,3.0,4046.0,-10,5899,1613,-0.6,-0.1,0,0,38.5,0.0,0
2018-09-11 15:00:00,29,10,30,63,1023,14,0,0,31,1.0,2,5,0,-2.0,-3,-15,-20,4.0,4106.0,-10,5901,1611,0.0,-0.1,0,0,56.6,0.0,0
2018-09-11 16:00:00,28,10,33,63,1024,14,0,0,32,1.0,3,5,0,-1.0,-2,-14,-19,2.0,4146.0,-10,5907,1612,0.3,0.0,0,0,59.8,0.0,0
2018-09-11 17:00:00,23,13,54,60,1024,14,0,0,32,1.0,2,4,1,0.0,-1,-14,-18,3.0,4115.0,-10,5910,1613,-0.4,-0.1,0,0,44.2,0.0,0
2018-09-11 18:00:00,22,15,64,58,1024,14,0,0,32,2.0,2,3,2,-1.0,-3,-14,-18,5.0,4093.0,-10,5908,1610,0.6,0.1,0,0,26.4,0.0,0
2018-09-11 19:00:00,22,15,66,55,1024,15,0,0,31,2.0,2,3,2,-2.0,-4,-13,-18,3.0,4127.0,-10,5910,1611,0.4,0.2,0,0,27.7,0.0,0
2018-09-11 20:00:00,21,14,65,50,1024,14,0,0,30,2.0,1,3,2,-2.0,-3,-13,-18,3.0,4127.0,-10,5914,1615,0.2,-0.1,0,0,22.4,0.0,0
2018-09-11 21:00:00,20,14,73,46,1025,15,0,0,30,1.0,0,3,1,-2.0,-4,-13,-18,3.0,4106.0,-10,5914,1616,0.5,0.0,0,0,6.9,0.0,0
2018-09-11 22:00:00,19,14,76,42,1025,15,0,0,28,1.0,1,3,-1,-2.0,-4,-13,-17,3.0,4090.0,-10,5912,1615,0.1,0.0,0,0,0.3,0.0,0
2018-09-11 23:00:00,19,14,77,40,1025,15,0,0,28,1.0,1,2,-2,-2.0,-3,-12,-16,3.0,4101.0,-9,5916,1618,0.0,0.0,0,0,0.4,0.0,0
2018-09-12 00:00:00,18,13,80,38,1025,15,0,0,27,1.0,1,2,-2,-2.0,-3,-12,-15,3.0,4135.0,-9,5918,1619,-0.1,0.0,0,0,0.0,0.0,0
2018-09-12 01:00:00,17,13,83,37,1026,15,0,0,27,0.0,1,1,-2,-2.0,-3,-12,-14,3.0,4177.0,-9,5920,1619,-0.5,0.1,0,0,0.3,0.0,0
2018-09-12 02:00:00,16,12,84,35,1025,14,0,0,27,-1.0,2,1,-1,-1.0,-3,-11,-12,1.0,4171.0,-9,5916,1614,-0.1,-0.1,0,0,8.1,0.0,0
2018-09-12 03:00:00,16,12,84,34,1025,15,0,0,27,0.0,3,1,0,-1.0,-3,-11,-11,2.0,4134.0,-9,5915,1613,0.0,-0.3,0,0,2.4,0.0,0
2018-09-12 04:00:00,16,11,82,33,1026,14,0,0,26,0.0,3,0,0,-1.0,-3,-10,-10,2.0,4146.0,-9,5917,1615,-0.1,0.0,0,0,18.4,0.0,0
2018-09-12 05:00:00,17,13,82,32,1026,14,0,0,26,0.0,3,-1,1,-1.0,-3,-9,-9,2.0,4193.0,-9,5917,1613,0.0,0.0,0,0,15.9,0.0,0
2018-09-12 06:00:00,21,13,63,32,1025,14,0,0,25,0.0,3,-1,1,-1.0,-3,-8,-8,1.0,4229.0,-9,5915,1610,0.0,-0.1,0,0,4.2,0.0,0
2018-09-12 07:00:00,23,13,56,32,1025,15,0,0,25,-1.0,3,-2,1,0.0,-3,-7,-7,1.0,4254.0,-9,5915,1608,0.0,-0.1,0,0,1.4,0.0,0
2018-09-12 08:00:00,24,13,50,31,1025,15,0,0,25,-1.0,3,-2,2,1.0,-3,-6,-7,1.0,4285.0,-9,5920,1612,0.1,-0.1,0,0,0.0,0.0,0
2018-09-12 09:00:00,26,13,46,31,1025,15,0,0,25,-1.0,3,-1,2,1.0,-3,-5,-6,2.0,4320.0,-9,5921,1612,0.1,-0.1,0,0,0.0,0.0,0
2018-09-12 10:00:00,27,13,43,31,1024,15,0,0,24,-2.0,2,-1,3,1.0,-4,-4,-5,2.0,4338.0,-9,5919,1609,0.2,0.0,0,0,0.0,0.0,0
2018-09-12 11:00:00,28,13,41,30,1024,16,0,0,24,-1.0,3,-1,3,1.0,-4,-4,-4,1.0,4326.0,-9,5917,1606,0.5,0.0,0,0,0.0,0.0,0
2018-09-12 12:00:00,29,13,38,30,1024,16,0,0,25,-1.0,3,0,4,1.0,-3,-3,-3,1.0,4344.0,-9,5920,1608,0.8,-0.1,0,0,0.0,0.0,0
2018-09-12 13:00:00,29,13,36,29,1023,15,0,0,25,-1.0,2,1,4,1.0,-2,-2,-2,1.0,4348.0,-9,5920,1606,0.8,0.1,0,0,0.0,0.0,0
2018-09-12 14:00:00,29,13,37,29,1022,15,0,0,25,-1.0,2,2,5,1.0,-2,-2,-1,1.0,4357.0,-9,5912,1597,0.6,0.1,0,0,0.0,0.0,0
2018-09-12 15:00:00,29,13,39,28,1021,15,0,0,26,0.0,2,2,5,1.0,-2,-2,1,1.0,4360.0,-9,5908,1592,0.2,0.0,0,0,0.0,0.0,0
2018-09-12 16:00:00,28,15,44,28,1021,16,0,0,27,0.0,3,3,6,2.0,-3,-1,1,2.0,4353.0,-9,5908,1591,-0.3,-0.1,0,0,0.0,0.0,0
2018-09-12 17:00:00,24,17,64,30,1021,16,60,-125,27,0.0,3,3,7,2.0,-4,-1,2,3.0,4346.0,-9,5906,1589,0.5,-0.4,0,0,0.0,0.0,0
2018-09-12 18:00:00,22,16,71,31,1020,16,30,-164,27,0.0,2,3,8,1.0,-3,-1,3,2.0,4344.0,-9,5898,1584,0.4,-0.2,0,0,0.0,0.0,0
2018-09-12 19:00:00,21,16,76,32,1020,16,40,-99,28,1.0,2,3,9,1.0,-3,-1,3,1.0,4297.0,-9,5894,1584,0.2,-0.2,0,0,0.0,0.0,0
2018-09-12 20:00:00,20,16,79,32,1020,16,210,-33,28,1.0,0,3,11,0.0,-3,0,4,1.0,4207.0,-10,5890,1584,0.2,0.3,0,0,0.0,0.0,0
2018-09-12 21:00:00,20,15,79,30,1020,16,320,-62,27,0.0,-3,6,11,0.0,-2,-1,6,0.0,4204.0,-10,5888,1579,-0.3,-0.1,0,0,0.0,0.0,0
2018-09-12 22:00:00,19,15,81,33,1020,16,360,-45,28,1.0,-3,5,14,0.0,-1,-1,4,1.0,4129.0,-10,5879,1576,-0.2,-0.1,0,0,0.0,0.0,0
2018-09-12 23:00:00,20,15,80,34,1020,16,320,-45,28,1.0,-3,4,18,-1.0,0,-1,-3,2.0,4088.0,-11,5877,1578,0.2,-0.1,0,0,0.0,0.0,0
2018-09-13 00:00:00,19,15,83,34,1020,16,180,-74,27,1.0,-2,4,19,-2.0,0,-1,-5,2.0,4065.0,-11,5874,1577,0.3,0.0,0,0,0.1,0.0,0
2018-09-13 01:00:00,19,14,81,35,1020,16,140,-79,27,1.0,-1,4,19,-2.0,0,0,-4,3.0,4054.0,-11,5870,1574,0.1,0.0,0,0,1.8,0.0,0
2018-09-13 02:00:00,19,14,79,35,1020,16,80,-98,26,0.0,-1,5,18,-2.0,0,0,-3,2.0,4042.0,-11,5864,1570,0.1,0.0,0,0,1.0,0.0,0
2018-09-13 03:00:00,18,13,78,35,1019,15,30,-149,26,0.0,-1,5,18,-1.0,1,0,-2,2.0,4015.0,-11,5859,1566,-0.1,0.0,0,0,16.9,0.0,0
2018-09-13 04:00:00,17,12,79,35,1019,15,10,-231,25,0.0,-1,6,18,-1.0,1,0,-1,2.0,3995.0,-11,5856,1563,-0.1,0.0,0,0,17.3,0.0,0
2018-09-13 05:00:00,18,13,80,35,1019,15,0,0,25,-1.0,-1,6,18,0.0,1,0,0,1.0,3975.0,-11,5852,1561,0.0,0.0,0,0,72.7,0.0,0
2018-09-13 06:00:00,22,14,64,34,1019,15,0,0,24,-1.0,-1,5,17,0.0,2,0,0,1.0,3949.0,-11,5846,1556,0.0,0.0,0,0,82.7,0.0,0
2018-09-13 07:00:00,23,15,62,34,1018,15,0,0,25,-1.0,-1,5,17,1.0,2,0,-1,1.0,3920.0,-11,5840,1553,0.0,0.0,0,0,61.9,0.0,0
2018-09-13 08:00:00,25,16,57,34,1019,15,90,-118,25,-1.0,-1,5,16,1.0,3,1,0,2.0,3905.0,-11,5843,1558,-0.1,0.0,0,0,80.6,0.0,0
2018-09-13 09:00:00,26,15,51,34,1018,15,160,-80,26,-1.0,-1,5,16,2.0,4,1,0,2.0,3919.0,-12,5842,1558,0.0,0.0,0,0,82.7,0.0,0
2018-09-13 10:00:00,28,15,45,34,1018,15,180,-62,26,-1.0,-1,5,15,2.0,4,1,-1,2.0,3918.0,-12,5839,1555,0.1,0.1,0,3,82.7,0.0,0
2018-09-13 11:00:00,29,14,41,34,1017,14,150,-74,27,0.0,-1,6,16,2.0,3,0,-1,2.0,3919.0,-12,5836,1553,0.1,0.1,0,6,82.6,0.0,0
2018-09-13 12:00:00,29,13,38,34,1017,14,120,-84,27,0.0,0,6,15,2.0,3,1,-1,2.0,3914.0,-13,5839,1556,0.2,0.0,0,9,82.2,0.0,0
2018-09-13 13:00:00,29,13,36,34,1017,15,110,-84,27,0.0,0,8,15,2.0,2,1,-1,2.0,3912.0,-13,5839,1555,0.1,-0.2,0,0,78.5,0.0,0
2018-09-13 14:00:00,29,13,37,35,1015,15,140,-77,28,0.0,0,6,16,2.0,2,0,-2,2.0,3869.0,-13,5829,1546,-0.3,0.1,0,0,76.7,0.0,0
2018-09-13 15:00:00,29,13,38,37,1014,15,170,-80,27,0.0,-1,4,14,2.0,2,-1,-2,2.0,3863.0,-13,5824,1541,-0.4,0.1,0,0,67.0,0.0,0
2018-09-13 16:00:00,28,14,43,38,1015,15,270,-66,26,1.0,-1,5,11,2.0,2,-1,-3,3.0,3871.0,-13,5826,1542,-0.2,0.0,0,0,50.2,0.0,0
2018-09-13 17:00:00,23,15,62,41,1015,15,350,-68,25,1.0,0,5,9,1.0,2,-1,-4,2.0,3836.0,-12,5825,1541,0.1,-0.1,0,0,15.0,0.0,0
2018-09-13 18:00:00,21,14,65,43,1014,15,230,-87,25,1.0,1,4,7,1.0,1,-2,-6,2.0,3827.0,-12,5817,1535,0.1,0.0,0,0,0.6,0.0,0
2018-09-13 19:00:00,20,14,68,45,1014,15,170,-112,25,1.0,2,4,4,0.0,0,-2,-7,1.0,3868.0,-12,5815,1532,0.0,0.2,0,0,0.0,0.0,0
2018-09-13 20:00:00,20,14,70,47,1014,15,180,-105,26,1.0,2,3,2,0.0,0,-2,-6,1.0,3855.0,-13,5816,1534,-0.2,0.0,0,0,0.0,0.0,0
2018-09-13 21:00:00,20,14,72,51,1014,15,320,-69,28,1.0,2,3,3,0.0,0,-2,-6,2.0,3872.0,-13,5813,1531,-0.1,0.0,0,0,0.0,0.0,0
2018-09-13 22:00:00,20,15,74,54,1014,15,380,-51,29,1.0,2,3,3,-1.0,1,-2,-6,2.0,3875.0,-13,5808,1526,-0.2,0.0,0,0,0.0,0.0,0
2018-09-13 23:00:00,20,15,78,53,1014,15,470,-77,29,1.0,2,3,2,-2.0,2,-2,-4,3.0,3869.0,-12,5808,1527,0.2,0.0,0,0,0.0,0.0,0
2018-09-14 00:00:00,19,15,84,47,1014,15,350,-58,28,1.0,2,3,3,-2.0,3,-2,-3,3.0,3908.0,-12,5808,1527,0.1,0.1,0,0,0.1,0.0,0
2018-09-14 01:00:00,18,15,87,44,1014,15,380,-47,28,1.0,3,3,3,-2.0,3,-2,-3,3.0,3906.0,-12,5805,1524,0.1,0.1,0,0,0.4,0.0,0
2018-09-14 02:00:00,18,15,85,43,1014,14,340,-41,29,1.0,3,2,4,-2.0,4,-2,-3,3.0,3896.0,-12,5802,1522,0.0,0.0,0,0,0.0,0.0,0
2018-09-14 03:00:00,17,14,87,42,1014,14,350,-14,28,1.0,4,3,4,-2.0,4,-2,-3,3.0,3887.0,-12,5801,1522,0.0,0.0,0,0,0.0,0.0,0
2018-09-14 04:00:00,17,13,86,39,1014,14,270,-36,28,1.0,4,3,5,-2.0,4,-1,-3,2.0,3862.0,-12,5800,1522,0.1,-0.1,0,0,0.0,0.0,0
2018-09-14 05:00:00,17,14,87,36,1014,14,180,-52,27,1.0,3,3,6,-2.0,4,-1,-4,2.0,3814.0,-12,5797,1521,0.0,-0.1,0,0,0.0,0.0,0
2018-09-14 06:00:00,21,14,68,33,1014,14,80,-80,27,1.0,3,4,6,-1.0,4,0,-4,1.0,3802.0,-13,5795,1520,0.1,0.0,0,0,12.5,0.0,0
2018-09-14 07:00:00,23,15,64,31,1014,14,40,-121,26,1.0,3,4,6,0.0,4,1,-3,1.0,3803.0,-13,5794,1520,0.1,-0.1,0,0,8.4,0.0,0
2018-09-14 08:00:00,25,16,57,30,1014,14,200,-69,25,1.0,3,5,6,1.0,4,1,-3,2.0,3808.0,-13,5800,1525,0.3,0.0,0,0,0.0,0.0,0
2018-09-14 09:00:00,26,15,50,31,1014,15,180,-56,25,0.0,4,5,8,2.0,3,1,-2,2.0,3799.0,-12,5802,1526,0.2,0.0,0,0,0.0,0.0,0
2018-09-14 10:00:00,28,13,42,37,1014,14,40,-78,25,1.0,4,6,8,2.0,2,1,-2,3.0,3794.0,-12,5803,1527,0.2,0.0,0,7,0.0,0.0,0
2018-09-14 11:00:00,28,12,37,43,1014,14,0,-103,27,1.0,3,7,9,2.0,1,1,-2,3.0,3809.0,-12,5804,1527,-0.3,0.1,0,8,4.5,0.0,0
2018-09-14 12:00:00,29,14,40,50,1014,14,240,-21,31,2.0,3,8,10,2.0,1,0,-2,3.0,3815.0,-12,5809,1532,-1.3,-0.2,0,8,35.2,0.0,0
2018-09-14 13:00:00,27,16,49,67,1014,14,810,-11,37,3.0,3,9,11,-1.0,2,0,-2,3.0,3801.0,-12,5810,1533,-1.2,-0.9,0,7,69.5,0.1,25
2018-09-14 14:00:00,27,17,54,82,1013,14,1170,-3,39,3.0,3,9,12,-1.0,2,0,0,4.0,3774.0,-12,5806,1528,0.2,0.2,0,0,74.6,0.2,37
2018-09-14 15:00:00,26,18,60,81,1014,14,1270,-13,39,3.1,5,9,13,-2.0,2,1,0,5.1,3757.0,-12,5805,1528,1.1,0.4,0,0,42.4,0.5,37
2018-09-14 16:00:00,24,18,70,80,1014,14,1130,-27,39,3.0,6,10,13,-3.0,1,1,1,7.0,3720.0,-12,5808,1531,0.9,0.0,0,0,44.4,0.5,43
2018-09-14 17:00:00,23,18,76,79,1015,14,1090,-23,38,2.0,6,11,15,-2.0,1,1,1,7.0,3687.0,-12,5807,1532,0.8,-0.1,0,0,39.3,0.2,31
2018-09-14 18:00:00,21,18,86,88,1015,14,910,-35,39,1.0,5,12,15,-2.0,0,1,0,9.0,3664.0,-12,5803,1530,-0.6,0.0,0,9,44.9,0.0,6
2018-09-14 19:00:00,21,18,84,90,1016,14,620,-14,39,0.0,5,10,16,-3.0,-1,0,0,10.0,3641.0,-12,5803,1532,-0.4,-0.3,0,6,58.6,0.0,0
2018-09-14 20:00:00,19,16,84,93,1016,13,590,0,39,0.0,3,10,17,-2.0,-2,-1,-1,10.0,3637.0,-12,5805,1535,-0.6,-0.1,0,6,17.2,0.1,25
2018-09-14 21:00:00,20,16,76,97,1017,12,460,0,38,0.0,1,8,18,-3.0,-3,-2,-2,9.0,3628.0,-13,5804,1537,-0.9,-0.6,0,12,27.9,0.8,87
2018-09-14 22:00:00,20,16,80,98,1017,12,260,0,38,0.0,0,9,19,-2.0,-4,-1,-3,8.0,3612.0,-13,5801,1537,-0.9,-0.2,0,18,44.9,1.2,93
2018-09-14 23:00:00,18,16,89,92,1018,12,0,0,35,1.0,0,10,19,-2.0,-4,-1,-4,8.0,3582.0,-13,5803,1541,-0.6,0.1,0,6,16.2,0.5,68
2018-09-15 00:00:00,16,15,95,85,1019,12,0,0,34,1.0,1,10,19,-1.0,-4,-2,-5,9.0,3576.0,-13,5803,1545,-0.6,0.1,0,11,3.1,0.0,6
2018-09-15 01:00:00,16,14,96,86,1019,12,0,0,33,2.0,2,10,19,-1.0,-4,-2,-6,9.0,3567.0,-13,5803,1546,-0.7,0.2,0,0,0.0,0.0,0
2018-09-15 02:00:00,16,14,93,83,1019,11,0,0,31,2.0,1,10,18,-1.0,-4,-3,-7,9.0,3561.0,-13,5800,1545,-0.6,0.2,0,0,0.0,0.0,0
2018-09-15 03:00:00,15,14,95,81,1020,11,0,0,29,2.0,0,11,18,-1.0,-4,-4,-8,9.0,3545.0,-12,5800,1545,-0.7,0.2,0,0,0.0,0.0,0
2018-09-15 04:00:00,15,13,95,80,1020,11,0,0,28,2.0,0,11,18,-1.0,-4,-4,-9,9.0,3535.0,-12,5801,1546,-0.8,0.2,0,0,0.0,0.0,0
2018-09-15 05:00:00,15,14,96,80,1020,11,0,0,27,2.0,-1,11,18,-1.0,-4,-4,-10,6.0,3542.0,-13,5801,1547,-0.8,0.1,0,0,0.0,0.0,0
2018-09-15 06:00:00,17,14,80,79,1020,11,0,0,28,0.0,-1,12,19,-1.0,-4,-4,-10,3.0,3521.0,-13,5799,1547,-0.9,0.0,0,0,0.0,0.0,0
2018-09-15 07:00:00,19,14,74,79,1021,11,0,0,28,0.0,-1,12,21,-1.0,-5,-3,-9,3.0,3494.0,-13,5799,1549,-0.7,-0.1,0,0,0.0,0.0,0
2018-09-15 08:00:00,21,14,66,76,1021,11,0,0,29,0.0,-2,12,22,-2.0,-5,-2,-8,3.0,3485.0,-14,5806,1557,-0.6,-0.1,0,0,0.0,0.0,0
2018-09-15 09:00:00,22,14,59,74,1021,11,0,0,29,0.0,-2,13,22,-2.0,-6,-2,-8,3.0,3483.0,-14,5808,1561,-0.5,-0.1,0,0,0.0,0.0,0
2018-09-15 10:00:00,24,14,54,75,1021,11,0,0,29,-1.0,-2,13,21,-1.0,-5,-3,-7,2.0,3485.0,-14,5809,1562,-0.2,-0.1,0,0,0.0,0.0,0
2018-09-15 11:00:00,25,13,50,78,1021,11,0,0,29,-1.0,-2,13,22,-1.0,-5,-4,-7,3.0,3473.0,-14,5809,1564,-0.2,-0.1,0,3,0.0,0.0,0
2018-09-15 12:00:00,26,13,45,79,1021,11,0,0,28,-1.0,-2,13,22,-1.0,-4,-5,-7,2.0,3469.0,-13,5816,1570,-0.3,-0.1,0,0,0.0,0.0,0
2018-09-15 13:00:00,26,12,43,82,1021,11,0,0,28,-1.0,-1,13,22,0.0,-2,-5,-8,2.0,3455.0,-13,5819,1572,-0.1,0.0,0,0,0.0,0.0,0
2018-09-15 14:00:00,26,12,41,79,1020,11,0,0,28,-2.0,-1,13,21,0.0,-1,-5,-8,2.0,3480.0,-13,5816,1568,-0.2,0.1,0,0,0.0,0.0,0
2018-09-15 15:00:00,26,12,41,68,1020,12,0,0,26,-2.0,-1,12,20,0.0,-1,-5,-8,2.0,3522.0,-13,5817,1566,-0.8,0.2,0,0,0.0,0.0,0
2018-09-15 16:00:00,25,12,42,56,1021,11,0,0,25,-2.0,-1,11,19,-1.0,-1,-6,-8,2.0,3549.0,-13,5823,1572,-1.6,0.1,0,6,0.0,0.0,0
2018-09-15 17:00:00,20,12,60,48,1021,11,0,0,24,-1.0,0,8,18,0.0,-1,-7,-8,3.0,3535.0,-13,5825,1575,-1.3,-0.1,0,8,0.0,0.0,0
2018-09-15 18:00:00,19,12,64,49,1022,11,0,0,24,-1.0,0,6,17,-1.0,-1,-7,-8,4.0,3504.0,-13,5823,1575,-0.1,-0.2,0,9,0.0,0.0,0
2018-09-15 19:00:00,19,13,68,51,1022,11,0,0,25,-1.0,0,6,16,-1.0,-1,-8,-9,4.0,3492.0,-13,5826,1578,-0.1,0.0,0,0,0.0,0.0,0
2018-09-15 20:00:00,18,13,71,53,1023,11,0,0,25,-1.0,0,5,13,-2.0,0,-8,-9,6.0,3509.0,-13,5831,1583,0.0,0.0,0,0,0.0,0.0,0
2018-09-15 21:00:00,17,12,73,56,1023,11,0,0,25,-1.0,1,4,11,-1.0,0,-8,-9,7.0,3541.0,-13,5833,1584,-0.4,0.2,0,0,0.0,0.0,0
2018-09-15 22:00:00,16,11,77,58,1023,11,0,0,25,0.0,1,5,9,-1.0,0,-8,-10,9.0,3532.0,-13,5832,1583,-0.3,-0.1,0,0,0.0,0.0,0
2018-09-15 23:00:00,15,11,82,60,1024,11,0,0,26,0.0,1,5,8,0.0,0,-8,-10,9.0,3526.0,-13,5835,1587,-0.4,-0.1,0,0,0.0,0.0,0
2018-09-16 00:00:00,14,11,84,62,1025,10,0,0,26,1.0,1,5,4,0.0,-1,-9,-10,9.0,3549.0,-13,5839,1590,-0.5,0.0,0,4,0.0,0.0,0
2018-09-16 01:00:00,14,11,84,61,1025,10,0,-2,26,1.0,0,5,-2,0.0,-1,-9,-10,5.0,3578.0,-13,5840,1592,-0.5,0.0,0,7,0.0,0.0,0
2018-09-16 02:00:00,14,10,83,60,1025,10,0,0,25,1.0,0,6,-2,-1.0,0,-9,-9,5.0,3633.0,-13,5837,1588,-0.3,0.1,0,9,0.0,0.0,0
2018-09-16 03:00:00,13,10,83,53,1025,9,0,0,25,1.0,1,5,-2,-1.0,0,-9,-9,7.0,3802.0,-13,5838,1586,-0.2,0.1,0,0,0.0,0.0,0
2018-09-16 04:00:00,13,9,84,49,1026,9,0,0,24,1.0,1,6,-2,0.0,1,-8,-8,7.0,3807.0,-13,5840,1588,-0.2,0.0,0,0,0.0,0.0,0
2018-09-16 05:00:00,13,10,86,45,1026,9,0,0,23,1.0,1,6,-1,0.0,1,-7,-8,3.0,3817.0,-13,5841,1588,-0.3,0.0,0,0,0.0,0.0,0
2018-09-16 06:00:00,17,11,69,43,1026,9,0,0,23,0.0,1,6,0,-1.0,1,-7,-8,2.0,3845.0,-13,5840,1585,0.0,0.0,0,0,0.0,0.0,0
2018-09-16 07:00:00,18,11,64,40,1025,9,0,0,23,-1.0,1,6,1,0.0,1,-7,-7,2.0,3874.0,-12,5841,1585,0.0,0.0,0,0,0.0,0.0,0
2018-09-16 08:00:00,20,11,58,35,1026,9,0,0,23,-2.0,1,6,2,0.0,1,-6,-6,2.0,3901.0,-12,5850,1592,-0.1,0.1,0,0,0.0,0.0,0
2018-09-16 09:00:00,22,11,51,31,1026,9,0,0,22,-2.0,1,6,2,0.0,1,-6,-6,2.0,3900.0,-12,5852,1593,0.1,0.0,0,0,0.0,0.0,0
2018-09-16 10:00:00,23,10,45,31,1025,10,0,0,22,-2.0,1,6,3,0.0,1,-5,-5,2.0,3887.0,-12,5852,1591,0.5,0.0,0,0,0.0,0.0,0
2018-09-16 11:00:00,24,10,42,33,1025,11,0,0,23,-1.0,2,6,3,0.0,1,-5,-5,2.0,3864.0,-12,5853,1591,0.8,0.0,0,0,0.0,0.0,0
2018-09-16 12:00:00,25,11,42,35,1025,11,0,0,23,-1.0,2,6,3,1.0,1,-4,-5,2.0,3849.0,-12,5859,1596,0.8,-0.1,0,0,0.0,0.0,0
2018-09-16 13:00:00,25,11,42,39,1024,11,0,0,24,-1.0,2,6,3,1.0,1,-4,-5,2.0,3845.0,-12,5862,1597,0.6,-0.1,0,0,0.0,0.0,0
2018-09-16 14:00:00,25,12,43,42,1023,11,0,0,24,-1.0,2,6,3,1.0,2,-4,-4,2.0,3855.0,-12,5857,1591,0.4,-0.1,0,0,0.0,0.0,0
2018-09-16 15:00:00,25,12,45,42,1023,11,0,0,25,-1.0,2,6,3,2.0,1,-4,-3,3.0,3888.0,-12,5858,1589,-0.1,0.0,0,0,0.0,0.0,0
2018-09-16 16:00:00,24,13,49,40,1023,12,0,0,24,-1.0,3,6,3,2.0,1,-4,-2,3.0,3923.0,-12,5864,1592,-0.3,0.0,0,0,0.0,0.0,0
2018-09-16 17:00:00,20,13,65,37,1023,13,0,0,24,-1.0,3,5,3,1.0,1,-4,-1,3.0,3960.0,-11,5865,1591,0.1,0.0,0,0,0.0,0.0,0
2018-09-16 18:00:00,18,12,69,35,1023,13,0,0,23,-1.0,4,5,3,1.0,-1,-3,1,1.0,3986.0,-12,5863,1588,0.0,0.1,0,0,0.0,0.0,0
2018-09-16 19:00:00,17,12,73,32,1023,13,0,0,23,-1.0,5,5,3,1.0,-1,-3,2,1.0,3987.0,-12,5865,1590,0.0,0.0,0,0,0.0,0.0,0
2018-09-16 20:00:00,17,12,72,31,1024,12,0,0,24,-1.0,5,4,3,1.0,0,-2,3,1.0,3988.0,-12,5866,1592,0.0,0.0,0,0,0.0,0.0,0
2018-09-16 21:00:00,16,11,76,31,1024,12,0,0,24,0.0,5,4,3,1.0,0,-2,4,1.0,3964.0,-12,5864,1591,0.0,0.1,0,0,0.0,0.0,0
2018-09-16 22:00:00,16,11,78,29,1024,12,0,0,23,0.0,4,4,3,0.0,0,-1,5,0.0,3927.0,-12,5859,1589,0.0,0.1,0,0,0.0,0.0,0
2018-09-16 23:00:00,15,11,82,28,1024,12,0,0,23,1.0,3,5,4,1.0,0,0,6,1.0,3899.0,-12,5861,1591,0.2,0.0,0,0,0.0,0.0,0
2018-09-17 00:00:00,15,11,83,29,1024,12,0,0,23,0.0,2,6,5,1.0,0,1,7,1.0,3866.0,-12,5860,1591,0.2,0.0,0,0,0.0,0.0,0
2018-09-17 01:00:00,15,11,83,32,1024,12,0,0,23,0.0,2,6,6,0.0,1,1,8,0.0,3842.0,-12,5858,1590,0.1,0.1,0,0,0.0,0.0,0
2018-09-17 02:00:00,14,10,85,34,1024,12,0,0,23,0.0,3,6,6,0.0,1,2,8,0.0,3829.0,-12,5857,1589,0.2,0.1,0,0,0.0,0.0,0
2018-09-17 03:00:00,14,10,86,36,1024,13,0,0,22,0.0,3,7,7,0.0,1,1,8,1.0,3809.0,-13,5856,1589,0.1,0.0,0,0,0.0,0.0,0
2018-09-17 04:00:00,14,10,86,38,1024,13,0,0,22,-1.0,4,7,7,0.0,1,2,6,1.0,3790.0,-13,5855,1589,0.1,0.0,0,0,0.0,0.0,0
2018-09-17 05:00:00,14,11,88,39,1024,12,0,0,21,-1.0,4,7,7,0.0,1,1,2,1.0,3765.0,-13,5854,1589,0.1,0.0,0,0,0.0,0.0,0
2018-09-17 06:00:00,18,12,69,38,1024,12,0,0,21,-1.0,3,7,6,0.0,1,1,-1,1.0,3788.0,-13,5853,1588,0.1,0.0,0,0,0.0,0.0,0
2018-09-17 07:00:00,20,13,63,37,1024,12,0,0,21,-1.0,3,7,5,1.0,1,-1,-3,1.0,3832.0,-13,5855,1589,0.0,0.0,0,0,0.0,0.0,0
2018-09-17 08:00:00,22,12,53,35,1024,13,0,0,21,-1.0,3,7,5,1.0,2,-2,-5,2.0,3872.0,-13,5857,1590,0.0,0.0,0,0,0.0,0.0,0
2018-09-17 09:00:00,24,12,46,33,1024,13,0,0,21,-1.0,2,6,5,1.0,2,-3,-6,2.0,3893.0,-13,5858,1591,0.1,0.0,0,0,0.0,0.0,0
2018-09-17 10:00:00,26,12,43,29,1023,13,0,0,21,-1.0,2,5,6,1.0,1,-3,-6,2.0,3901.0,-13,5858,1591,0.2,0.0,0,0,0.0,0.0,0
2018-09-17 11:00:00,27,12,41,26,1023,13,0,0,21,-1.0,2,4,6,2.0,2,-3,-6,2.0,3911.0,-13,5859,1591,0.2,0.1,0,0,0.0,0.0,0
2018-09-17 12:00:00,28,12,39,24,1023,13,0,0,22,0.0,2,4,5,2.0,2,-3,-6,2.0,3923.0,-13,5862,1593,0.0,0.1,0,0,0.0,0.0,0
2018-09-17 13:00:00,28,12,38,23,1023,13,0,0,22,0.0,1,3,5,2.0,2,-3,-6,2.0,3934.0,-13,5863,1593,-0.2,0.0,0,0,0.0,0.0,0
2018-09-17 14:00:00,28,12,38,23,1022,13,10,-136,22,0.0,0,3,6,2.0,2,-3,-7,2.0,3929.0,-13,5860,1589,-0.3,0.0,0,0,0.0,0.0,0
2018-09-17 15:00:00,27,12,40,22,1021,13,10,-140,21,0.0,0,3,6,2.0,2,-2,-7,2.0,3937.0,-13,5858,1585,-0.4,0.1,0,0,0.0,0.0,0
2018-09-17 16:00:00,26,13,44,22,1022,14,40,-126,21,0.0,0,3,6,2.0,1,-2,-6,3.0,3945.0,-12,5859,1585,-0.5,0.1,0,0,0.0,0.0,0
2018-09-17 17:00:00,21,13,62,22,1022,14,80,-81,21,0.0,1,3,7,1.0,2,-1,-6,2.0,3951.0,-12,5860,1586,-0.3,0.0,0,0,0.0,0.0,0
2018-09-17 18:00:00,20,13,66,22,1022,14,50,-124,21,-1.0,2,4,7,1.0,2,-2,-7,1.0,3966.0,-12,5857,1582,-0.2,0.0,0,0,0.0,0.0,0
2018-09-17 19:00:00,19,13,70,21,1022,14,0,0,21,-1.0,3,4,6,1.0,1,-2,-7,1.0,4000.0,-12,5857,1581,0.0,0.0,0,0,0.0,0.0,0
2018-09-17 20:00:00,18,12,73,21,1022,14,0,0,22,0.0,3,4,6,1.0,1,-2,-7,1.0,4009.0,-12,5858,1583,0.1,0.0,0,0,0.0,0.0,0
2018-09-17 21:00:00,17,12,75,21,1022,13,0,0,22,1.0,2,3,6,0.0,1,-3,-7,1.0,4018.0,-12,5859,1583,0.1,0.1,0,0,0.0,0.0,0
2018-09-17 22:00:00,17,12,76,21,1022,13,0,0,22,1.0,2,3,6,0.0,1,-3,-6,1.0,4021.0,-12,5857,1580,0.1,0.0,0,0,0.0,0.0,0
2018-09-17 23:00:00,17,11,76,20,1022,13,0,0,22,0.0,1,3,5,0.0,1,-3,-6,0.0,4017.0,-12,5857,1581,-0.1,0.0,0,0,0.0,0.0,0
2018-09-18 00:00:00,16,11,77,21,1022,13,0,0,22,0.0,1,2,5,-1.0,2,-3,-6,1.0,4005.0,-12,5857,1582,0.0,0.0,0,0,0.0,0.0,0
2018-09-18 01:00:00,16,11,76,22,1022,13,0,0,22,0.0,1,2,5,-1.0,2,-2,-6,2.0,4013.0,-12,5857,1582,0.3,0.0,0,0,0.0,0.0,0
2018-09-18 02:00:00,16,11,77,21,1022,13,0,0,22,0.0,1,2,3,-1.0,3,-1,-6,2.0,4014.0,-12,5855,1580,0.2,0.0,0,0,0.0,0.0,0
2018-09-18 03:00:00,16,11,78,20,1022,13,0,0,22,-1.0,0,2,1,-1.0,3,-1,-5,2.0,3987.0,-12,5853,1579,0.0,0.0,0,0,0.0,0.0,0
2018-09-18 04:00:00,15,11,81,20,1022,13,0,0,21,-1.0,0,2,-1,-1.0,3,0,-4,2.0,3967.0,-12,5854,1580,-0.1,0.0,0,0,0.0,0.0,0
2018-09-18 05:00:00,15,11,84,20,1023,13,0,0,20,-1.0,-1,1,-2,0.0,4,0,-3,1.0,3956.0,-12,5852,1580,0.0,0.0,0,0,0.0,0.0,0
2018-09-18 06:00:00,19,13,67,21,1023,13,0,0,19,-1.0,-1,1,-2,0.0,4,1,-2,1.0,3965.0,-13,5851,1579,-0.2,0.0,0,0,0.0,0.0,0
2018-09-18 07:00:00,21,13,61,22,1023,13,0,0,19,-1.0,-1,1,-2,0.0,5,1,-2,1.0,3971.0,-13,5851,1580,-0.1,0.0,0,0,0.0,0.0,0
2018-09-18 08:00:00,23,12,49,22,1023,13,0,0,18,-1.0,-1,1,-2,1.0,5,1,-1,2.0,3979.0,-12,5855,1583,-0.1,0.0,0,0,0.0,0.0,0
2018-09-18 09:00:00,25,11,41,22,1023,13,0,0,18,-2.0,-1,1,-2,1.0,4,1,-2,2.0,3988.0,-12,5856,1583,0.0,0.0,0,0,0.0,0.0,0
2018-09-18 10:00:00,26,10,36,22,1022,14,0,0,18,-1.0,0,1,-2,1.0,4,2,-2,2.0,3987.0,-12,5856,1582,0.2,0.0,0,0,0.0,0.0,0
2018-09-18 11:00:00,28,10,32,22,1022,13,0,0,18,-2.0,1,1,-2,1.0,4,2,-1,2.0,3997.0,-12,5858,1582,0.3,0.1,0,0,0.0,0.0,0
2018-09-18 12:00:00,28,10,31,21,1022,13,0,0,19,-1.0,1,1,-2,2.0,3,2,-1,2.0,4016.0,-12,5863,1585,0.2,0.1,0,0,0.0,0.0,0
2018-09-18 13:00:00,29,10,31,20,1022,14,0,0,19,-1.0,1,1,-1,2.0,3,2,0,2.0,4023.0,-12,5864,1584,-0.1,0.1,0,0,0.0,0.0,0
2018-09-18 14:00:00,28,10,32,21,1021,14,0,0,19,-1.0,1,0,0,2.0,2,3,0,2.0,4004.0,-12,5860,1580,-0.4,0.0,0,0,0.0,0.0,0
2018-09-18 15:00:00,28,11,34,23,1021,14,0,0,20,0.0,1,0,1,3.0,2,3,-1,3.0,4004.0,-12,5858,1578,-0.8,0.0,0,0,0.0,0.0,0
2018-09-18 16:00:00,27,12,40,24,1021,14,0,0,20,0.0,2,0,1,2.0,1,3,-1,3.0,4015.0,-12,5860,1579,-0.5,0.0,0,0,0.0,0.0,0
2018-09-18 17:00:00,21,12,58,24,1021,14,0,0,22,0.0,4,1,1,1.0,1,4,-2,2.0,3996.0,-12,5860,1579,0.0,0.1,0,0,0.0,0.0,0
2018-09-18 18:00:00,20,13,63,25,1020,14,20,-142,24,-1.0,5,1,1,1.0,0,4,-2,2.0,3943.0,-12,5857,1577,-0.1,0.0,0,0,0.0,0.0,0
2018-09-18 19:00:00,19,12,65,32,1021,13,90,-72,26,0.0,5,2,0,1.0,1,4,-2,1.0,3919.0,-12,5857,1577,-0.5,0.0,0,0,0.0,0.0,0
2018-09-18 20:00:00,19,13,71,40,1021,13,70,-78,28,2.0,4,2,0,1.0,0,3,-2,2.0,3941.0,-12,5856,1578,-0.2,0.0,0,0,0.0,0.0,0
2018-09-18 21:00:00,19,14,73,51,1021,13,30,-86,29,1.0,3,2,-1,-1.0,1,2,-1,2.0,3902.0,-12,5855,1578,-0.1,0.0,0,0,0.0,0.0,0
2018-09-18 22:00:00,19,14,77,60,1020,14,20,-165,30,1.0,3,2,-1,-2.0,2,2,-1,3.0,3909.0,-12,5853,1576,0.3,0.2,0,0,0.0,0.0,0
2018-09-18 23:00:00,18,14,81,65,1021,14,10,-183,31,1.0,4,1,-1,-2.0,2,2,0,3.0,3906.0,-12,5855,1578,0.2,0.1,0,0,0.0,0.0,0
2018-09-19 00:00:00,18,14,83,67,1021,14,10,-198,30,1.0,4,2,-1,-2.0,2,2,0,3.0,3910.0,-13,5856,1579,0.0,0.1,0,0,0.0,0.0,0
2018-09-19 01:00:00,17,13,85,65,1021,14,0,-185,30,1.0,4,2,-1,-2.0,2,2,1,3.0,3905.0,-13,5856,1579,0.0,0.1,0,0,0.0,0.0,0
2018-09-19 02:00:00,16,13,87,63,1021,14,0,-171,30,1.0,4,1,-1,-2.0,1,2,1,3.0,3904.0,-12,5854,1577,0.0,0.1,0,0,0.0,0.0,0
2018-09-19 03:00:00,16,12,87,63,1021,14,0,0,30,1.0,3,1,-1,-2.0,1,2,1,2.0,3891.0,-12,5853,1577,0.1,0.0,0,0,0.0,0.0,0
2018-09-19 04:00:00,16,12,85,64,1022,14,0,0,30,1.0,2,1,-1,-1.0,1,2,1,2.0,3889.0,-12,5852,1577,0.2,0.0,0,0,0.0,0.0,0
2018-09-19 05:00:00,16,12,87,65,1022,14,0,0,30,0.0,2,1,-1,-1.0,2,2,1,1.0,3875.0,-13,5851,1577,0.2,0.0,0,0,0.0,0.0,0
2018-09-19 06:00:00,20,13,68,65,1022,14,0,0,30,0.0,1,1,-1,0.0,2,2,1,0.0,3842.0,-13,5850,1576,0.2,0.0,0,0,0.0,0.0,0
2018-09-19 07:00:00,22,14,64,66,1021,14,0,0,30,0.0,1,1,-2,0.0,2,3,2,1.0,3829.0,-13,5850,1575,0.1,0.0,0,0,0.0,0.0,0
2018-09-19 08:00:00,24,14,56,66,1022,14,0,0,30,0.0,1,1,-2,1.0,3,3,2,1.0,3847.0,-12,5853,1578,0.1,0.1,0,0,0.0,0.0,0
2018-09-19 09:00:00,25,14,50,64,1021,13,20,-177,30,0.0,2,0,-2,1.0,3,3,3,2.0,3868.0,-13,5855,1579,0.2,0.0,0,0,0.0,0.0,0
2018-09-19 10:00:00,27,14,47,63,1021,13,80,-96,31,0.0,2,0,-2,2.0,3,3,3,2.0,3876.0,-12,5855,1579,0.3,0.0,0,0,0.0,0.0,0
2018-09-19 11:00:00,28,14,44,63,1021,13,140,-35,31,0.0,2,0,-2,2.0,2,3,3,2.0,3873.0,-12,5856,1580,0.2,0.0,0,0,0.3,0.0,0
2018-09-19 12:00:00,28,14,42,62,1020,13,200,-19,32,0.0,1,0,-2,2.0,2,3,3,2.0,3882.0,-12,5858,1582,0.2,0.0,0,3,0.0,0.0,0
2018-09-19 13:00:00,29,14,42,61,1020,13,280,-11,32,0.0,0,0,-3,2.0,2,3,4,2.0,3893.0,-12,5859,1582,0.1,0.0,0,1,0.0,0.0,0
2018-09-19 14:00:00,28,14,43,60,1020,14,370,-7,32,1.0,0,0,-3,2.0,2,3,4,2.0,3893.0,-12,5857,1579,-0.1,0.0,0,2,0.0,0.0,0
2018-09-19 15:00:00,28,15,45,58,1019,14,420,-5,32,1.0,-1,0,-3,2.0,1,2,4,2.0,3904.0,-12,5856,1577,-0.3,0.1,0,8,3.7,0.0,0
2018-09-19 16:00:00,27,15,50,53,1020,13,510,-12,32,1.0,-1,0,-2,2.0,1,2,4,3.0,3947.0,-12,5858,1577,-0.3,0.1,0,7,3.0,0.0,0
2018-09-19 17:00:00,23,16,68,50,1020,14,550,-13,32,2.0,-2,0,-2,1.0,2,1,3,3.0,3963.0,-12,5858,1577,0.7,0.0,0,10,0.1,0.0,0
2018-09-19 18:00:00,21,16,72,49,1020,14,410,-16,31,2.0,-1,-1,-1,1.0,3,1,2,2.0,3971.0,-12,5857,1576,-0.1,0.0,0,6,0.5,0.0,0
2018-09-19 19:00:00,21,16,75,51,1020,13,410,-13,31,2.0,-1,-1,-1,-1.0,3,1,1,2.0,3993.0,-12,5858,1577,-0.1,0.1,0,0,3.2,0.0,0
2018-09-19 20:00:00,20,16,75,50,1020,14,370,-16,31,1.0,-1,-2,-2,-1.0,3,0,0,2.0,4001.0,-12,5856,1575,0.0,0.1,0,0,21.8,0.0,0
2018-09-19 21:00:00,20,16,76,49,1020,14,430,-31,31,1.0,-1,-2,-2,-2.0,3,1,0,2.0,3987.0,-12,5854,1573,0.1,0.0,0,0,26.7,0.0,0
2018-09-19 22:00:00,20,16,78,48,1020,14,420,-34,31,1.0,-1,-2,-2,-1.0,3,1,0,2.0,3986.0,-12,5853,1573,0.2,0.0,0,0,28.2,0.0,0
2018-09-19 23:00:00,19,16,82,43,1020,14,300,-19,31,1.0,-1,-1,-2,-2.0,3,1,1,3.0,3979.0,-12,5854,1576,0.0,0.0,0,0,28.2,0.0,0
2018-09-20 00:00:00,19,15,81,38,1021,13,290,-17,30,1.0,-1,-1,-2,-2.0,3,1,1,3.0,3973.0,-12,5852,1575,0.0,0.0,0,0,29.2,0.0,0
2018-09-20 01:00:00,18,15,83,29,1021,13,260,-15,29,1.0,-1,0,-1,-2.0,3,0,1,2.0,3971.0,-12,5851,1575,0.0,0.0,0,0,11.6,0.0,0
2018-09-20 02:00:00,18,15,82,19,1021,13,250,-14,28,0.0,-1,0,0,-2.0,3,0,2,2.0,3962.0,-12,5850,1574,0.1,0.0,0,0,32.5,0.0,0
2018-09-20 03:00:00,18,14,82,12,1021,13,230,-31,27,0.0,-1,0,1,-2.0,2,-1,1,2.0,3961.0,-12,5849,1574,0.1,0.0,0,0,33.3,0.0,0
2018-09-20 04:00:00,18,14,82,10,1021,13,200,-30,26,0.0,-1,0,2,-2.0,2,-1,1,2.0,3960.0,-12,5847,1573,0.0,0.0,0,0,31.9,0.0,0
2018-09-20 05:00:00,18,14,84,10,1021,13,150,-38,26,0.0,-1,-1,2,-2.0,2,-1,1,2.0,3972.0,-12,5846,1572,0.2,0.1,0,0,28.6,0.0,0
2018-09-20 06:00:00,21,16,72,10,1021,13,110,-24,25,0.0,-2,-1,2,-2.0,1,-2,1,2.0,3970.0,-12,5844,1571,0.1,0.1,0,0,1.2,0.0,0
2018-09-20 07:00:00,23,16,66,11,1021,13,120,-83,25,0.0,-2,-1,2,-1.0,1,-2,0,1.0,3959.0,-12,5843,1571,0.0,0.1,0,0,0.0,0.0,0
2018-09-20 08:00:00,25,16,57,11,1021,13,250,-32,24,-1.0,-2,-1,2,-1.0,1,-2,-1,1.0,3959.0,-12,5847,1574,0.0,0.0,0,0,0.1,0.0,0
2018-09-20 09:00:00,27,15,48,12,1021,13,170,-33,24,-1.0,-3,-1,2,0.0,1,-2,-1,2.0,3965.0,-12,5849,1576,0.2,0.0,0,0,2.9,0.0,0
2018-09-20 10:00:00,28,14,44,12,1021,13,160,-24,23,-2.0,-3,-1,3,0.0,0,-1,-1,2.0,3965.0,-12,5848,1576,1.1,0.0,0,8,8.0,0.0,0
2018-09-20 11:00:00,28,13,38,12,1021,13,0,-128,22,-2.5,-3,-1,3,0.0,0,-1,-1,2.5,3956.0,-12,5848,1575,2.3,0.0,0,5,40.0,0.0,0
2018-09-20 12:00:00,29,12,35,12,1021,14,0,0,22,-2.5,-3,0,3,1.3,0,-1,-1,2.5,3964.0,-12,5851,1578,2.6,0.1,0,0,53.2,0.0,0
2018-09-20 13:00:00,29,11,34,11,1020,14,0,0,23,-2.3,-3,0,3,1.2,0,-1,-2,2.3,3971.0,-12,5852,1578,1.8,0.1,0,0,43.5,0.0,0
2018-09-20 14:00:00,29,11,34,11,1019,14,0,0,23,-2.0,-3,1,3,1.0,-1,-1,-2,3.0,3977.0,-12,5846,1572,0.8,0.1,0,0,16.5,0.0,0
2018-09-20 15:00:00,29,11,33,10,1019,14,0,0,22,-2.0,-3,1,2,1.0,-1,-1,-3,3.0,3976.0,-12,5842,1567,-0.4,0.1,0,0,3.0,0.0,0
2018-09-20 16:00:00,28,10,34,11,1019,14,0,0,21,-3.0,-3,1,2,1.0,-1,-2,-3,3.0,3979.0,-12,5844,1568,-0.8,0.1,0,0,0.0,0.0,0
2018-09-20 17:00:00,21,10,48,11,1019,14,0,0,19,-1.0,-3,1,2,0.0,-1,-2,-4,4.0,3988.0,-12,5844,1568,0.6,0.1,0,0,0.0,0.0,0
2018-09-20 18:00:00,20,9,49,10,1019,14,0,0,19,-1.0,-5,2,1,0.0,1,-2,-5,1.0,3988.0,-13,5838,1562,0.5,0.1,0,0,0.0,0.0,0
2018-09-20 19:00:00,19,9,52,11,1019,14,0,0,19,0.0,-6,2,1,0.0,1,-2,-6,1.0,3992.0,-12,5837,1561,-0.1,0.1,0,0,0.0,0.0,0
2018-09-20 20:00:00,19,9,53,11,1019,14,0,0,19,0.0,-5,2,0,-1.0,3,-3,-6,1.0,3995.0,-12,5838,1562,0.2,0.1,0,0,0.0,0.0,0
2018-09-20 21:00:00,19,8,51,11,1019,14,0,0,18,0.0,-5,1,0,-1.0,5,-3,-6,1.0,3978.0,-12,5837,1562,0.2,0.0,0,0,0.0,0.0,0
2018-09-20 22:00:00,18,7,51,11,1019,14,0,0,18,0.0,-5,1,0,-1.0,4,-3,-7,2.0,3960.0,-13,5832,1558,-0.1,0.0,0,0,0.0,0.0,0
2018-09-20 23:00:00,18,8,58,11,1019,14,0,0,19,-1.0,-3,1,-1,-1.0,2,-3,-7,2.0,3915.0,-13,5831,1559,-0.4,0.0,0,0,0.0,0.0,0
2018-09-21 00:00:00,17,8,62,13,1019,14,0,0,18,0.0,-2,0,-1,-1.0,2,-2,-8,2.0,3928.0,-13,5832,1560,0.1,0.0,0,0,0.0,0.0,0
2018-09-21 01:00:00,16,8,66,14,1019,14,0,0,18,-1.0,-2,0,-1,-1.0,2,-2,-8,1.0,3945.0,-13,5830,1558,0.2,0.0,0,0,0.0,0.0,0
2018-09-21 02:00:00,16,8,69,14,1019,14,0,0,18,-1.0,-2,0,-1,-1.0,2,-1,-8,2.0,3956.0,-13,5826,1554,0.0,0.1,0,0,0.0,0.0,0
2018-09-21 03:00:00,15,8,71,13,1019,14,0,0,18,-1.0,-3,0,-1,-1.0,2,-1,-7,2.0,3957.0,-13,5822,1551,0.0,0.1,0,0,0.0,0.0,0
2018-09-21 04:00:00,15,8,73,12,1019,14,0,0,18,-1.0,-3,1,-1,-1.0,2,-1,-7,2.0,3952.0,-13,5822,1551,-0.1,0.1,0,0,0.0,0.0,0
2018-09-21 05:00:00,14,8,77,12,1019,14,0,0,17,-1.0,-3,0,0,-1.0,2,-1,-6,2.0,3943.0,-13,5819,1548,-0.1,0.0,0,0,0.0,0.0,0
2018-09-21 06:00:00,18,10,61,12,1019,14,0,0,17,-1.0,-2,0,1,-1.0,1,-1,-6,2.0,3934.0,-13,5816,1544,-0.1,0.0,0,0,0.0,0.0,0
2018-09-21 07:00:00,20,10,55,12,1019,14,0,0,17,-2.0,-1,1,1,0.0,1,-1,-6,2.0,3923.0,-13,5814,1542,0.0,0.0,0,0,0.0,0.0,0
2018-09-21 08:00:00,22,11,50,12,1019,14,0,0,17,-2.0,0,1,1,1.0,0,0,-6,2.0,3920.0,-13,5818,1545,0.1,0.0,0,0,0.0,0.0,0
2018-09-21 09:00:00,24,11,43,12,1018,14,0,0,16,-2.0,1,2,1,1.0,1,-1,-6,3.0,3921.0,-13,5818,1545,0.1,0.0,0,0,0.0,0.0,0
2018-09-21 10:00:00,26,10,37,11,1018,14,0,0,16,-2.0,1,2,1,1.0,1,-1,-6,2.0,3930.0,-13,5817,1542,0.2,0.0,0,0,0.0,0.0,0
2018-09-21 11:00:00,27,10,34,11,1017,14,0,0,17,-2.0,2,3,2,1.0,2,-1,-5,2.0,3942.0,-13,5816,1540,0.4,0.1,0,0,0.0,0.0,0
2018-09-21 12:00:00,28,10,32,10,1017,13,0,0,17,-1.0,2,3,3,1.0,2,-1,-5,2.0,3957.0,-12,5819,1542,0.2,0.0,0,0,0.0,0.0,0
2018-09-21 13:00:00,28,10,33,10,1015,14,0,0,19,-1.0,2,3,4,2.0,3,-1,-5,3.0,3966.0,-12,5818,1541,-0.5,0.1,0,0,0.0,0.0,0
2018-09-21 14:00:00,28,11,34,9,1014,14,0,0,20,1.0,2,4,5,2.0,2,-1,-5,3.0,3968.0,-12,5814,1536,-0.5,0.1,0,0,0.0,0.0,0
2018-09-21 15:00:00,28,11,36,10,1014,14,0,0,21,1.0,5,5,6,3.0,1,-1,-6,3.0,3978.0,-12,5814,1532,0.3,0.1,0,0,0.0,0.0,0
2018-09-21 16:00:00,27,12,41,13,1014,14,20,-99,23,1.0,7,5,6,2.0,2,-1,-8,4.0,3996.0,-12,5815,1533,0.5,0.1,0,0,0.0,0.0,0
2018-09-21 17:00:00,22,14,60,16,1014,14,40,-86,24,1.0,7,6,6,2.0,3,-1,-9,3.0,3993.0,-12,5815,1533,0.0,0.1,0,0,0.0,0.0,0
2018-09-21 18:00:00,21,15,67,20,1014,14,60,-86,24,1.0,7,6,7,3.0,3,-1,-10,3.0,4003.0,-12,5812,1530,-0.4,0.1,0,0,0.0,0.0,0
2018-09-21 19:00:00,20,15,75,27,1015,14,0,0,25,2.0,6,7,8,1.0,3,-1,-10,3.0,4004.0,-12,5812,1531,-0.4,0.1,0,0,0.1,0.0,0
2018-09-21 20:00:00,18,14,81,31,1015,14,20,-73,26,2.0,6,7,9,0.0,4,-1,-9,2.0,3964.0,-12,5811,1531,-1.4,0.1,0,0,0.0,0.0,0
2018-09-21 21:00:00,17,13,81,30,1015,13,0,0,26,1.0,6,8,9,1.0,4,-1,-9,6.0,3936.0,-12,5808,1527,-1.2,0.1,0,0,0.0,0.0,0
2018-09-21 22:00:00,16,13,88,39,1015,14,0,0,28,1.0,7,8,9,1.0,3,-1,-9,2.0,3902.0,-12,5805,1524,-0.7,0.0,0,0,0.0,0.0,0
2018-09-21 23:00:00,16,13,89,54,1015,14,0,0,28,2.0,8,9,9,1.0,3,-1,-8,2.0,3851.0,-12,5808,1527,-0.4,0.1,0,0,0.0,0.0,0
2018-09-22 00:00:00,16,12,89,62,1015,14,0,0,28,1.0,8,11,11,1.0,2,-1,-7,2.0,3870.0,-12,5807,1528,-0.4,0.1,0,0,0.7,0.0,0
2018-09-22 01:00:00,16,12,88,71,1016,14,0,0,30,1.0,9,11,15,1.0,-1,0,-5,2.0,3871.0,-12,5805,1530,-0.4,0.2,0,0,12.1,0.0,0
2018-09-22 02:00:00,16,13,89,84,1016,14,50,-7,34,2.0,8,12,17,1.0,-5,1,-4,2.0,3761.0,-12,5800,1530,-0.8,0.2,0,16,33.2,0.0,0
2018-09-22 03:00:00,18,14,79,89,1016,13,110,-10,37,1.0,4,13,19,1.0,-9,1,-4,2.0,3725.0,-12,5798,1531,-0.7,-0.1,0,16,77.0,0.1,18
2018-09-22 04:00:00,18,15,81,98,1016,12,10,-18,37,2.0,2,15,20,0.0,-10,2,-6,9.0,3585.0,-12,5796,1532,-0.4,0.1,0,23,95.0,0.2,25
2018-09-22 05:00:00,18,15,83,100,1017,12,10,-12,38,1.0,-1,17,19,-1.0,-8,1,-9,12.0,3525.0,-12,5793,1532,0.0,-0.6,0,21,89.4,0.0,0
2018-09-22 06:00:00,19,15,79,99,1018,11,10,0,38,-1.0,-4,18,18,-2.0,-7,-1,-11,12.0,3492.0,-11,5790,1531,-0.7,0.1,0,27,84.2,0.1,12
2018-09-22 07:00:00,18,14,80,100,1019,10,0,0,38,-2.0,-4,20,21,-4.0,-5,-3,-12,7.0,3610.0,-12,5790,1534,-0.9,-1.5,0,25,97.1,0.1,43
2018-09-22 08:00:00,17,11,70,97,1021,9,0,0,35,-4.0,-2,21,22,-4.0,-5,-4,-17,8.0,3559.0,-12,5797,1541,-0.4,-0.2,0,19,100.0,0.2,56
2018-09-22 09:00:00,16,6,50,97,1022,9,0,0,30,-3.0,-1,21,21,-4.0,-7,-4,-20,9.0,3543.0,-12,5799,1545,-1.4,-0.1,0,22,100.0,0.0,0
2018-09-22 10:00:00,16,7,56,95,1023,7,0,0,29,-3.0,-1,21,21,-2.0,-10,-4,-20,9.0,3510.0,-12,5798,1547,-0.8,0.1,0,22,100.0,0.0,0
2018-09-22 11:00:00,16,8,62,99,1024,7,0,0,29,-3.0,-1,22,22,-1.0,-10,-6,-22,7.0,3485.0,-11,5797,1549,-0.2,0.0,0,21,100.0,0.0,0
2018-09-22 12:00:00,15,10,68,100,1024,7,0,0,30,-3.0,1,23,22,1.0,-8,-8,-22,5.0,3477.0,-11,5802,1554,0.1,-0.4,0,20,100.0,0.0,0
2018-09-22 13:00:00,15,10,68,96,1024,7,0,0,30,-2.0,0,23,22,1.0,-7,-10,-22,3.0,3456.0,-10,5806,1556,-0.1,-0.3,0,19,100.0,0.0,0
2018-09-22 14:00:00,15,9,65,96,1024,7,0,0,29,-1.0,-1,23,21,2.0,-7,-10,-23,2.0,3467.0,-10,5805,1552,0.0,0.0,0,17,100.0,0.0,0
2018-09-22 15:00:00,15,9,66,99,1024,7,0,0,29,-1.0,-1,23,21,2.0,-5,-10,-23,3.0,3487.0,-10,5806,1550,-0.1,-0.2,0,22,100.0,0.0,0
2018-09-22 16:00:00,15,9,69,76,1024,8,0,0,28,0.0,-1,22,22,3.0,-3,-10,-23,4.0,3775.0,-10,5813,1552,0.0,0.1,0,12,100.0,0.0,0
2018-09-22 17:00:00,15,9,71,68,1024,8,0,0,28,0.0,-1,22,22,2.0,-1,-10,-24,4.0,3914.0,-9,5818,1553,0.0,0.2,0,10,99.6,0.0,0
2018-09-22 18:00:00,14,9,70,60,1024,8,0,0,27,0.0,-1,21,22,2.0,1,-10,-24,4.0,3926.0,-9,5818,1550,0.2,0.1,0,5,96.6,0.0,0
2018-09-22 19:00:00,10,7,87,60,1024,8,0,0,27,1.0,-1,21,22,-1.0,2,-11,-23,2.0,3877.0,-9,5821,1550,-0.1,0.0,0,0,84.4,0.0,0
2018-09-22 20:00:00,10,6,86,63,1024,8,0,0,27,0.0,0,21,22,-1.0,2,-10,-22,1.0,3802.0,-9,5823,1552,0.2,0.0,0,0,82.1,0.0,0
2018-09-22 21:00:00,10,6,86,69,1024,8,0,0,28,0.0,1,22,22,-1.0,2,-11,-20,1.0,3782.0,-9,5824,1552,0.0,0.1,0,0,78.2,0.0,0
2018-09-22 22:00:00,9,6,88,76,1023,9,0,0,29,0.0,2,21,22,-1.0,1,-12,-19,1.0,3720.0,-9,5823,1550,0.0,0.0,0,0,47.2,0.0,0
2018-09-22 23:00:00,9,5,88,80,1023,9,0,0,30,0.0,3,21,22,-1.0,1,-13,-17,1.0,3743.0,-9,5828,1553,-0.1,0.2,0,0,34.4,0.0,0
2018-09-23 00:00:00,9,5,90,79,1023,10,0,0,30,0.0,4,21,22,-1.0,1,-14,-15,1.0,3858.0,-9,5832,1554,-0.1,0.2,0,0,29.3,0.0,0
2018-09-23 01:00:00,9,5,91,79,1024,10,0,0,31,0.0,5,20,21,0.0,0,-14,-15,1.0,3911.0,-9,5835,1556,-0.2,0.0,0,0,30.0,0.0,0
2018-09-23 02:00:00,9,5,91,80,1023,10,0,0,32,0.0,6,20,20,0.0,-1,-12,-15,0.0,3913.0,-9,5834,1553,-0.1,0.2,0,0,26.9,0.0,0
2018-09-23 03:00:00,9,5,93,82,1023,11,0,0,32,0.0,7,19,17,1.0,-1,-12,-12,1.0,3972.0,-9,5837,1551,0.0,0.2,0,0,11.7,0.0,0
2018-09-23 04:00:00,8,5,93,84,1023,11,0,0,32,0.0,7,19,20,1.0,-2,-11,-9,2.0,4029.0,-9,5839,1550,0.2,0.4,0,0,0.0,0.0,0
2018-09-23 05:00:00,7,5,98,86,1022,12,0,0,33,1.0,7,20,21,1.0,-2,-12,-10,2.0,3977.0,-9,5839,1549,0.1,0.4,0,0,0.1,0.0,0
2018-09-23 06:00:00,11,6,84,89,1022,12,0,0,34,1.0,9,16,21,1.0,0,-13,-11,1.0,3982.0,-9,5838,1545,0.3,0.2,0,0,0.0,0.0,0
2018-09-23 07:00:00,14,7,72,89,1021,12,0,0,34,0.0,11,17,20,2.0,-1,-11,-10,2.0,4000.0,-9,5838,1542,0.2,0.0,0,0,3.3,0.0,0
2018-09-23 08:00:00,16,8,66,92,1021,13,0,0,35,0.0,12,18,21,2.0,0,-10,-7,3.0,3959.0,-9,5848,1549,0.2,0.1,0,0,62.0,0.0,0
2018-09-23 09:00:00,18,9,61,95,1021,13,0,0,36,0.0,14,18,23,2.0,1,-9,-5,3.0,3959.0,-9,5852,1551,0.0,0.2,0,0,58.9,0.0,0
2018-09-23 10:00:00,21,11,52,94,1019,14,0,0,37,0.0,14,18,24,2.0,0,-6,-3,4.0,3986.0,-9,5854,1550,0.1,0.0,0,6,15.4,0.0,0
2018-09-23 11:00:00,24,13,50,88,1018,15,0,0,38,2.0,14,19,24,3.0,-1,-4,-2,5.0,3986.0,-9,5853,1549,0.1,-0.3,0,0,0.0,0.0,0
2018-09-23 12:00:00,26,14,51,83,1018,16,0,0,39,3.0,14,20,24,3.0,-2,-2,-1,6.0,3998.0,-10,5858,1551,0.4,-0.5,0,0,0.0,0.0,0
2018-09-23 13:00:00,27,15,48,79,1017,15,0,0,39,3.0,12,21,23,3.0,-1,-1,-1,7.0,4034.0,-10,5860,1549,0.0,-0.6,0,0,0.0,0.0,0
2018-09-23 14:00:00,27,15,46,78,1015,15,0,0,38,5.0,11,21,23,4.0,0,0,-2,8.0,4065.0,-10,5853,1541,0.6,-0.3,0,0,0.0,0.0,0
2018-09-23 15:00:00,27,16,51,74,1014,16,0,0,38,5.0,13,21,23,4.0,2,1,-3,8.0,4103.0,-10,5849,1534,0.5,0.6,0,0,0.0,0.0,0
2018-09-23 16:00:00,25,16,59,70,1014,16,20,-165,37,3.0,14,21,23,3.0,2,1,-2,8.0,4101.0,-9,5848,1532,-0.4,0.9,0,0,0.0,0.0,0
2018-09-23 17:00:00,21,17,82,70,1014,17,0,0,36,2.0,15,21,24,3.0,4,1,-1,9.0,4087.0,-10,5842,1526,0.0,0.5,0,0,0.0,0.0,0
2018-09-23 18:00:00,19,16,88,70,1013,17,0,0,34,2.0,18,21,26,3.0,5,1,0,11.0,4062.0,-10,5834,1520,0.1,0.3,0,0,0.0,0.0,0
2018-09-23 19:00:00,19,15,87,67,1013,17,0,0,34,2.0,20,21,28,3.0,5,2,0,10.0,4030.0,-9,5827,1513,-0.2,-0.5,0,0,0.2,0.0,0
2018-09-23 20:00:00,18,14,89,61,1012,17,0,0,34,1.0,20,22,29,2.0,5,4,0,10.0,4079.0,-10,5822,1506,-0.9,-0.9,0,0,8.9,0.0,0
2018-09-23 21:00:00,17,14,92,60,1011,17,0,0,34,1.0,22,21,32,2.0,6,5,2,11.0,4109.0,-10,5818,1501,-0.9,-1.3,0,0,26.2,0.0,0
2018-09-23 22:00:00,17,14,93,59,1011,17,0,0,33,1.0,22,21,33,2.0,9,5,3,11.0,4134.0,-10,5809,1493,-0.7,-1.0,0,0,33.3,0.0,0
2018-09-23 23:00:00,16,13,95,56,1010,17,0,0,32,1.0,21,21,33,1.0,8,5,4,8.0,4166.0,-10,5807,1489,-0.8,-1.0,0,0,33.1,0.0,0
2018-09-24 00:00:00,15,12,96,59,1010,16,0,0,34,0.0,21,21,34,1.0,4,4,7,7.0,4073.0,-11,5799,1490,-0.7,-0.1,0,0,0.0,0.0,0
2018-09-24 01:00:00,15,13,97,68,1010,16,100,-207,36,0.0,20,23,35,1.0,1,3,10,7.0,3937.0,-11,5791,1488,-0.9,0.0,0,0,0.0,0.0,0
2018-09-24 02:00:00,15,13,96,81,1010,15,280,-108,37,1.0,20,25,37,1.0,-3,5,10,13.0,3771.0,-11,5777,1487,-1.2,0.2,0,0,3.6,0.0,0
2018-09-24 03:00:00,19,16,84,100,1012,12,220,0,42,2.0,16,27,38,-5.0,-7,5,9,14.0,3655.0,-12,5762,1492,-6.6,-4.3,0,40,92.4,0.8,75
2018-09-24 04:00:00,16,12,79,100,1013,8,0,0,33,3.0,6,26,42,-1.0,-19,6,8,13.0,3710.0,-12,5754,1492,0.7,-3.2,0,32,100.0,1.8,93
2018-09-24 05:00:00,15,11,80,99,1015,7,0,0,30,-3.8,7,27,44,-8.9,-20,7,9,24.1,3668.0,-12,5744,1487,2.6,1.0,0,37,99.7,1.5,100
2018-09-24 06:00:00,15,10,74,95,1018,5,10,-8,26,0.0,5,31,45,-2.0,-26,12,8,14.0,3487.0,-13,5734,1501,-0.9,-0.9,0,35,96.8,0.4,50
2018-09-24 07:00:00,15,10,72,88,1021,3,70,-1,23,0.0,1,34,46,-3.0,-20,8,4,12.0,2246.0,-14,5723,1518,-0.8,0.2,0,16,95.0,0.0,12
2018-09-24 08:00:00,15,9,65,86,1023,2,70,-4,21,-1.0,1,33,44,-2.0,-15,4,-1,9.0,1935.0,-14,5716,1532,-2.1,-0.4,0,15,94.6,0.0,6
2018-09-24 09:00:00,15,8,61,77,1024,2,50,0,19,-1.0,1,32,45,-2.0,-15,1,-5,8.0,1826.0,-15,5711,1541,-2.5,-0.1,0,14,64.8,0.0,6
2018-09-24 10:00:00,17,5,46,52,1025,2,30,-6,16,0.0,-1,32,45,-4.0,-10,-4,-8,9.0,1689.0,-15,5704,1549,-1.0,-0.2,0,15,0.2,0.0,0
2018-09-24 11:00:00,18,1,32,32,1025,3,0,0,12,0.0,-1,31,40,-6.0,-10,-9,-13,8.0,1759.0,-15,5702,1555,-0.4,-0.4,0,7,0.0,0.0,0
2018-09-24 12:00:00,19,0,26,22,1026,3,0,0,9,1.0,-1,31,39,-6.0,-11,-11,-18,9.0,1804.0,-14,5706,1561,0.1,-0.4,0,0,0.0,0.0,0
2018-09-24 13:00:00,19,-1,24,19,1027,3,0,0,9,1.0,0,29,39,-7.0,-11,-12,-24,9.0,1834.0,-14,5709,1565,0.6,-0.2,0,0,0.0,0.0,0
2018-09-24 14:00:00,18,0,26,16,1026,3,0,0,9,1.0,-1,29,41,-6.0,-10,-14,-28,8.0,1821.0,-15,5706,1563,0.8,0.2,0,0,0.0,0.0,0
2018-09-24 15:00:00,18,0,30,18,1026,3,0,0,10,0.0,-2,28,42,-6.0,-10,-16,-30,8.0,1800.0,-15,5709,1564,0.2,0.3,0,0,0.0,0.0,0
2018-09-24 16:00:00,16,1,34,22,1027,3,0,0,10,0.0,-2,29,42,-5.4,-9,-17,-30,8.7,1787.0,-14,5714,1569,1.4,-0.1,0,0,0.0,0.0,0
2018-09-24 17:00:00,13,2,46,26,1028,2,0,0,10,0.0,-2,29,43,-4.6,-11,-18,-30,11.6,1749.0,-14,5717,1574,1.8,-0.3,0,0,0.0,0.0,0
2018-09-24 18:00:00,11,2,57,27,1029,2,0,0,10,0.0,-1,29,44,-3.1,-13,-18,-29,7.2,1688.0,-14,5715,1576,1.1,-0.1,0,0,0.0,0.0,0
2018-09-24 19:00:00,9,2,61,25,1029,2,0,0,10,1.1,-3,28,45,-3.3,-12,-19,-27,3.3,1698.0,-15,5717,1579,1.4,0.1,0,0,0.0,0.0,0
2018-09-24 20:00:00,9,2,62,25,1030,2,0,0,9,1.0,-3,27,45,-3.1,-11,-20,-25,3.1,1699.0,-15,5719,1584,1.1,0.0,0,0,0.0,0.0,0
2018-09-24 21:00:00,8,2,62,27,1031,2,0,0,9,2.0,-3,26,45,-2.0,-10,-21,-24,4.0,1707.0,-16,5719,1588,1.0,-0.3,0,0,0.0,0.0,0
2018-09-24 22:00:00,8,1,63,29,1031,2,0,0,9,2.0,-4,26,46,-2.0,-10,-23,-23,4.0,1699.0,-16,5716,1589,0.9,-0.2,0,0,0.0,0.0,0
2018-09-24 23:00:00,7,0,66,29,1032,2,0,0,9,2.0,-4,26,46,-2.0,-11,-25,-22,4.0,1688.0,-16,5717,1592,0.8,-0.2,0,0,0.0,0.0,0
2018-09-25 00:00:00,6,0,67,31,1032,1,0,0,10,2.0,-3,26,46,-2.0,-11,-27,-22,4.0,1672.0,-17,5717,1596,0.6,-0.2,0,0,0.0,0.0,0
2018-09-25 01:00:00,5,0,69,34,1033,1,0,0,10,2.0,-2,24,46,-2.0,-12,-27,-22,3.0,1664.0,-17,5716,1598,0.2,-0.3,0,0,0.0,0.0,0
2018-09-25 02:00:00,5,0,69,36,1033,1,0,0,10,2.0,-2,23,46,-2.0,-13,-28,-23,3.0,1648.0,-17,5713,1598,-0.2,-0.5,0,0,0.0,0.0,0
2018-09-25 03:00:00,4,-1,70,37,1033,1,0,0,10,1.0,-1,21,46,-1.0,-14,-28,-25,13.0,1615.0,-17,5713,1598,-0.4,-0.6,0,0,0.0,0.0,0
2018-09-25 04:00:00,4,-1,70,39,1034,1,0,0,10,1.0,-1,21,45,-1.0,-14,-28,-26,10.0,1585.0,-17,5715,1600,-0.4,-0.8,0,0,0.0,0.0,0
2018-09-25 05:00:00,4,-1,70,34,1034,0,0,0,9,2.0,-1,21,43,-1.0,-15,-28,-28,3.0,1505.0,-17,5715,1601,-0.5,-0.9,0,0,0.0,0.0,0
2018-09-25 06:00:00,8,0,58,25,1034,-1,0,0,9,1.0,-2,21,40,-2.0,-15,-28,-29,6.0,1417.0,-17,5715,1601,-0.7,-0.7,0,0,0.0,0.0,0
2018-09-25 07:00:00,10,1,53,18,1035,-1,0,0,9,1.0,-2,20,38,-3.0,-15,-28,-29,7.0,1371.0,-17,5716,1601,-0.7,-0.6,0,0,0.0,0.0,0
2018-09-25 08:00:00,13,1,44,14,1035,-2,0,0,9,-1.0,-3,20,36,-5.0,-14,-27,-30,8.0,1270.0,-17,5724,1608,-1.2,-0.4,0,0,0.0,0.0,0
2018-09-25 09:00:00,14,0,36,14,1035,-2,0,0,9,-2.0,-3,20,35,-5.0,-11,-25,-30,8.0,1313.0,-17,5727,1612,-0.3,-0.4,0,0,0.0,0.0,0
2018-09-25 10:00:00,14,0,34,15,1035,-1,0,0,9,-2.0,-3,19,35,-5.0,-9,-24,-29,8.0,1359.0,-18,5727,1613,0.1,-0.4,0,0,0.0,0.0,0
2018-09-25 11:00:00,15,-1,30,14,1035,-1,0,0,8,-2.0,-3,18,35,-5.0,-9,-23,-29,8.0,1424.0,-18,5730,1615,0.4,-0.3,0,0,0.0,0.0,0
2018-09-25 12:00:00,16,-2,28,10,1035,0,0,0,8,-2.0,-3,17,34,-5.0,-9,-22,-29,8.0,1479.0,-18,5736,1621,0.7,-0.3,0,0,0.0,0.0,0
2018-09-25 13:00:00,16,-2,26,6,1035,0,0,0,8,-2.0,-3,16,33,-5.0,-8,-22,-29,7.0,1518.0,-18,5739,1623,0.8,-0.3,0,0,0.0,0.0,0
2018-09-25 14:00:00,16,-2,27,6,1035,0,0,0,8,-2.0,-3,15,31,-5.0,-8,-21,-29,7.0,1537.0,-18,5735,1620,0.4,-0.2,0,0,0.0,0.0,0
2018-09-25 15:00:00,15,-2,28,8,1035,0,0,0,8,-2.0,-3,14,30,-5.0,-9,-22,-29,8.0,1536.0,-19,5735,1622,0.3,-0.2,0,0,0.0,0.0,0
2018-09-25 16:00:00,14,-2,31,8,1036,0,0,0,8,-2.0,-3,13,29,-4.0,-10,-23,-29,8.0,1530.0,-19,5740,1627,0.7,0.0,0,0,0.0,0.0,0
2018-09-25 17:00:00,8,-2,45,7,1037,0,0,0,8,-1.0,-4,12,25,-2.0,-11,-24,-29,8.0,1529.0,-19,5742,1631,0.5,0.0,0,0,0.0,0.0,0
2018-09-25 18:00:00,7,-1,50,6,1037,0,0,0,7,0.0,-3,11,20,-2.0,-11,-24,-29,8.0,1516.0,-20,5738,1630,0.5,-0.1,0,0,0.0,0.0,0
2018-09-25 19:00:00,7,0,54,6,1038,0,0,0,7,-1.0,-4,10,15,-3.0,-11,-25,-29,4.0,1500.0,-20,5739,1635,0.7,-0.1,0,0,0.0,0.0,0
2018-09-25 20:00:00,7,-1,51,5,1038,0,0,0,7,0.0,-5,8,11,-4.0,-9,-26,-29,9.0,1478.0,-20,5740,1638,0.1,0.1,0,0,0.0,0.0,0
2018-09-25 21:00:00,5,-1,57,5,1039,-1,0,0,7,1.0,-7,5,7,-3.0,-8,-27,-30,8.0,1455.0,-20,5740,1640,-0.3,0.1,0,0,0.0,0.0,0
2018-09-25 22:00:00,5,-1,61,6,1039,-1,0,0,7,1.0,-8,2,2,-3.0,-6,-26,-35,10.0,1439.0,-20,5740,1640,-0.1,0.1,0,0,0.0,0.0,0
2018-09-25 23:00:00,5,-1,61,5,1039,-1,0,0,8,1.0,-8,-2,-4,-4.0,-6,-26,-38,10.0,1448.0,-21,5747,1643,0.0,0.2,0,0,0.0,0.0,0
2018-09-26 00:00:00,4,-1,66,5,1040,-1,0,0,8,1.0,-9,-5,-11,-3.0,-6,-25,-41,10.0,1443.0,-21,5755,1646,-0.4,0.4,0,0,0.0,0.0,0
2018-09-26 01:00:00,4,-1,68,5,1040,-1,0,0,8,1.0,-9,-7,-17,-3.0,-6,-26,-45,10.0,1439.0,-20,5762,1648,-0.5,0.4,0,0,0.0,0.0,0
2018-09-26 02:00:00,3,-1,72,5,1040,-1,0,0,8,1.0,-9,-8,-19,-3.0,-5,-26,-49,9.0,1454.0,-19,5769,1647,-0.3,0.4,0,0,0.0,0.0,0
2018-09-26 03:00:00,3,-2,74,5,1041,-1,0,0,8,1.0,-8,-8,-18,-3.0,-4,-26,-48,4.0,1449.0,-19,5778,1646,-0.4,0.4,0,0,0.0,0.0,0
2018-09-26 04:00:00,2,-2,78,4,1041,-1,0,0,8,2.0,-7,-7,-17,-3.0,-3,-26,-46,4.0,1425.0,-18,5786,1647,-0.3,0.4,0,0,0.0,0.0,0
2018-09-26 05:00:00,2,-2,79,4,1041,-1,0,0,8,1.0,-6,-7,-18,-3.0,-3,-25,-44,4.0,1417.0,-18,5792,1647,0.0,0.3,0,0,0.0,0.0,0
2018-09-26 06:00:00,6,-1,60,5,1041,-1,0,0,8,0.0,-5,-6,-18,-3.0,-3,-25,-41,3.0,1421.0,-18,5798,1649,0.2,0.1,0,0,0.0,0.0,0
2018-09-26 07:00:00,10,0,52,5,1041,-1,0,0,9,-1.0,-4,-6,-18,-2.0,-3,-24,-38,3.0,1439.0,-17,5804,1651,0.0,0.2,0,0,0.0,0.0,0
2018-09-26 08:00:00,12,0,46,7,1041,-1,0,0,9,-2.0,-4,-5,-17,0.0,-3,-22,-36,2.0,1448.0,-17,5814,1655,-0.1,0.3,0,0,0.0,0.0,0
2018-09-26 09:00:00,13,0,40,8,1041,0,0,0,9,-2.0,-4,-4,-17,0.0,-3,-21,-35,2.0,1462.0,-17,5822,1656,0.1,0.4,0,0,0.0,0.0,0
2018-09-26 10:00:00,14,0,35,9,1040,0,0,0,9,-2.0,-4,-4,-19,0.0,-4,-20,-34,2.0,1596.0,-16,5824,1653,0.7,0.2,0,0,0.0,0.0,0
2018-09-26 11:00:00,15,-1,32,10,1039,1,0,0,9,-1.0,-3,-4,-21,0.0,-3,-20,-34,2.0,3041.0,-16,5828,1652,1.1,-0.1,0,0,1.5,0.0,0
2018-09-26 12:00:00,16,-1,30,10,1039,2,0,0,9,-1.1,-3,-5,-22,0.0,-3,-20,-33,1.1,3045.0,-16,5836,1655,1.4,-0.1,0,0,32.5,0.0,0
2018-09-26 13:00:00,16,-1,29,10,1039,2,0,0,9,-1.1,-2,-6,-22,1.1,-2,-20,-31,1.1,3065.0,-15,5842,1656,1.3,0.1,0,0,33.3,0.0,0
2018-09-26 14:00:00,16,-1,29,9,1038,3,0,0,9,0.0,-1,-7,-22,1.0,-2,-19,-30,1.0,3085.0,-15,5844,1650,0.9,0.2,0,0,33.3,0.0,0
2018-09-26 15:00:00,16,-1,30,9,1037,4,0,0,9,0.0,-1,-8,-22,1.0,-2,-19,-29,1.0,3108.0,-14,5848,1646,0.6,0.2,0,0,33.3,0.0,0
2018-09-26 16:00:00,13,1,43,11,1037,5,0,0,9,0.0,1,-9,-21,1.0,-2,-18,-28,2.0,3152.0,-13,5856,1647,0.6,0.2,0,0,33.3,0.0,0
2018-09-26 17:00:00,9,-2,48,13,1037,6,0,0,10,0.0,1,-8,-19,2.0,-4,-18,-27,2.0,3200.0,-13,5863,1647,0.1,0.0,0,0,33.3,0.0,0
2018-09-26 18:00:00,8,0,65,15,1037,7,0,0,10,2.0,1,-8,-17,2.0,-4,-18,-26,3.0,3242.0,-12,5864,1643,0.2,-0.1,0,0,33.3,0.0,0
2018-09-26 19:00:00,7,0,69,19,1037,7,0,0,11,2.0,1,-8,-14,1.0,-4,-17,-25,3.0,3318.0,-12,5869,1644,0.2,0.2,0,0,33.3,0.0,0
2018-09-26 20:00:00,7,0,70,24,1037,8,0,0,12,2.0,0,-7,-12,0.0,-5,-16,-25,3.0,3423.0,-12,5874,1644,0.1,0.2,0,0,33.3,0.0,0
2018-09-26 21:00:00,7,0,69,24,1036,8,0,0,13,2.0,0,-8,-11,0.0,-6,-16,-25,3.0,3485.0,-12,5876,1642,0.2,0.0,0,0,33.3,0.0,0
2018-09-26 22:00:00,6,-1,69,27,1036,9,0,0,14,2.0,-1,-8,-10,0.0,-7,-16,-25,3.0,3522.0,-12,5877,1640,0.0,0.0,0,0,21.7,0.0,0
2018-09-26 23:00:00,6,-2,67,31,1035,9,0,0,15,2.0,-1,-10,-8,0.0,-7,-15,-24,2.0,3592.0,-12,5882,1641,0.0,0.0,0,0,3.3,0.0,0
2018-09-27 00:00:00,5,-3,66,31,1035,9,0,0,15,1.0,-1,-10,-7,0.0,-8,-15,-24,2.0,3667.0,-12,5885,1641,-0.1,-0.1,0,0,10.6,0.0,0
2018-09-27 01:00:00,5,-3,64,25,1035,8,0,0,14,1.0,-2,-7,-6,0.0,-8,-15,-24,2.0,3714.0,-12,5888,1640,-0.2,0.0,0,0,19.3,0.0,0
2018-09-27 02:00:00,4,-4,65,24,1035,8,0,0,13,1.0,-2,-6,-6,0.0,-7,-15,-23,2.0,3765.0,-11,5885,1634,-0.2,-0.1,0,0,32.2,0.0,0
2018-09-27 03:00:00,4,-4,65,26,1034,8,0,0,13,1.0,-2,-5,-6,0.0,-6,-14,-23,1.0,3783.0,-11,5883,1630,-0.1,-0.2,0,0,33.3,0.0,0
2018-09-27 04:00:00,4,-4,66,32,1034,9,0,0,14,0.0,-2,-4,-6,-1.0,-7,-14,-23,1.0,3781.0,-11,5885,1630,0.0,-0.2,0,0,33.3,0.0,0
2018-09-27 05:00:00,4,-4,66,38,1034,8,0,0,14,0.0,-3,-2,-6,-1.0,-9,-13,-23,2.0,3771.0,-11,5885,1629,0.0,-0.1,0,0,33.3,0.0,0
2018-09-27 06:00:00,10,0,59,43,1034,8,0,0,13,0.0,-4,-2,-7,-1.0,-9,-12,-23,2.0,3736.0,-11,5882,1626,0.1,0.0,0,0,33.3,0.0,0
2018-09-27 07:00:00,12,1,53,51,1033,8,0,0,14,0.0,-4,-3,-6,0.0,-10,-12,-22,1.0,3701.0,-10,5880,1624,0.0,-0.1,0,0,33.3,0.0,0
2018-09-27 08:00:00,14,2,42,59,1034,8,0,0,14,-1.0,-5,-3,-5,0.0,-10,-11,-21,1.0,3658.0,-10,5883,1629,0.0,-0.1,0,0,33.3,0.0,0
2018-09-27 09:00:00,17,1,36,62,1034,8,0,0,14,-2.0,-5,-3,-5,0.0,-9,-11,-19,2.0,3634.0,-11,5883,1630,0.0,0.0,0,0,33.3,0.0,0
2018-09-27 10:00:00,18,1,32,65,1033,9,0,0,15,-2.0,-6,-3,-4,0.0,-9,-10,-18,3.0,3624.0,-11,5880,1628,0.3,0.0,0,0,33.3,0.0,0
2018-09-27 11:00:00,19,2,31,68,1032,9,0,0,16,-2.0,-6,-3,-4,0.0,-8,-9,-17,3.0,3628.0,-11,5878,1625,0.5,-0.1,0,0,33.3,0.0,0
2018-09-27 12:00:00,20,2,30,69,1032,10,0,0,17,-2.0,-7,-3,-5,0.0,-8,-8,-15,2.0,3637.0,-11,5881,1627,0.4,-0.1,0,0,30.7,0.0,0
2018-09-27 13:00:00,21,2,29,68,1031,10,0,0,18,-2.0,-7,-3,-5,0.0,-7,-8,-14,3.0,3615.0,-11,5880,1626,0.3,-0.1,0,0,8.7,0.0,0
2018-09-27 14:00:00,21,2,29,69,1029,10,0,0,19,-2.0,-7,-4,-4,0.0,-6,-7,-14,3.0,3612.0,-11,5870,1614,0.0,0.1,0,0,0.0,0.0,0
2018-09-27 15:00:00,21,3,30,69,1028,11,0,0,20,-1.0,-8,-4,-4,-1.0,-5,-7,-14,2.0,3678.0,-11,5865,1608,-0.3,0.2,0,0,0.0,0.0,0
2018-09-27 16:00:00,17,6,47,71,1028,11,0,0,21,-1.0,-8,-4,-5,0.0,-4,-6,-13,2.0,3737.0,-11,5867,1608,-0.3,0.2,0,0,0.0,0.0,0
2018-09-27 17:00:00,13,2,54,74,1028,11,0,0,22,0.0,-8,-5,-5,0.0,-3,-6,-13,0.0,3774.0,-11,5866,1606,-0.2,0.2,0,0,0.0,0.0,0
2018-09-27 18:00:00,12,2,59,77,1027,11,0,0,22,0.0,-8,-5,-5,0.0,-2,-6,-13,1.0,3786.0,-12,5859,1598,-0.1,0.2,0,0,0.0,0.0,0
2018-09-27 19:00:00,12,3,64,78,1026,11,0,0,22,1.0,-7,-5,-6,1.0,-1,-5,-12,2.0,3786.0,-12,5855,1595,-0.1,0.2,0,0,0.0,0.0,0
2018-09-27 20:00:00,12,4,68,75,1027,11,0,0,22,1.0,-7,-5,-6,1.0,-1,-6,-11,2.0,3771.0,-12,5854,1595,0.1,0.1,0,0,0.0,0.0,0
2018-09-27 21:00:00,11,3,69,72,1027,11,0,0,22,1.0,-7,-5,-6,0.0,0,-6,-11,2.0,3723.0,-12,5851,1593,0.2,0.1,0,0,0.0,0.0,0
2018-09-27 22:00:00,10,2,68,69,1026,11,0,0,21,1.0,-6,-5,-6,0.0,1,-6,-10,1.0,3678.0,-12,5843,1587,0.1,0.1,0,0,0.0,0.0,0
2018-09-27 23:00:00,10,1,65,68,1026,11,0,0,21,1.0,-6,-5,-5,-1.0,1,-7,-10,2.0,3616.0,-12,5840,1585,0.2,0.1,0,0,0.0,0.0,0
2018-09-28 00:00:00,10,1,64,70,1025,11,0,0,21,1.0,-6,-5,-5,-1.0,1,-7,-10,2.0,3605.0,-12,5836,1582,0.0,0.1,0,0,0.0,0.0,0
2018-09-28 01:00:00,10,1,63,71,1025,11,0,0,21,1.0,-5,-6,-5,-1.0,1,-7,-9,2.0,3583.0,-12,5832,1579,-0.1,0.0,0,0,0.0,0.0,0
2018-09-28 02:00:00,10,1,63,71,1024,10,0,0,21,1.0,-5,-6,-4,-1.0,1,-6,-9,1.0,3586.0,-12,5825,1572,0.2,0.0,0,0,0.0,0.0,0
2018-09-28 03:00:00,9,0,64,72,1024,10,0,0,21,0.0,-4,-6,-4,-1.0,1,-6,-9,1.0,3559.0,-12,5821,1567,0.1,0.0,0,0,0.0,0.0,0
2018-09-28 04:00:00,9,0,65,72,1023,11,0,0,21,0.0,-4,-5,-4,-1.0,1,-5,-8,1.0,3529.0,-12,5817,1564,0.1,0.1,0,0,0.0,0.0,0
2018-09-28 05:00:00,9,0,65,72,1023,11,0,0,21,0.0,-3,-4,-5,-1.0,0,-5,-8,1.0,3530.0,-12,5813,1559,0.1,0.2,0,0,0.0,0.0,0
2018-09-28 06:00:00,15,3,51,68,1022,11,0,0,20,0.0,-3,-3,-5,0.0,0,-4,-7,1.0,3580.0,-12,5807,1553,0.1,0.0,0,0,0.0,0.0,0
2018-09-28 07:00:00,16,5,47,68,1022,10,0,0,20,-1.0,-3,-3,-5,0.0,-1,-3,-5,1.0,3610.0,-12,5802,1548,-0.1,0.1,0,0,0.0,0.0,0
2018-09-28 08:00:00,18,5,41,69,1022,10,0,0,20,-1.0,-4,-2,-4,1.0,-2,-2,-4,1.0,3635.0,-13,5804,1551,0.0,0.1,0,0,0.0,0.0,0
2018-09-28 09:00:00,20,4,35,68,1022,10,0,0,20,-1.0,-4,-2,-4,1.0,-2,-1,-2,1.0,3657.0,-13,5805,1551,0.1,0.0,0,0,0.0,0.0,0
2018-09-28 10:00:00,21,3,31,68,1021,10,0,0,20,-2.0,-4,-2,-3,1.0,-2,0,-1,2.0,3647.0,-12,5800,1547,0.3,0.0,0,0,0.0,0.0,0
2018-09-28 11:00:00,22,3,28,68,1020,11,0,0,20,-2.0,-4,-1,-2,0.0,-2,0,0,2.0,3611.0,-12,5796,1544,0.5,0.1,0,0,0.0,0.0,0
2018-09-28 12:00:00,23,3,28,66,1020,11,0,0,20,-2.0,-5,0,0,0.0,-2,0,1,2.0,3607.0,-12,5798,1545,0.3,0.0,0,0,0.0,0.0,0
2018-09-28 13:00:00,23,4,29,67,1019,10,0,0,21,-2.0,-5,0,1,1.0,-2,0,1,3.0,3594.0,-12,5796,1544,0.4,-0.1,0,0,0.0,0.0,0
2018-09-28 14:00:00,23,4,30,70,1018,10,0,0,21,-2.0,-5,2,2,1.0,-3,-1,2,3.0,3524.0,-12,5785,1535,0.4,-0.1,0,0,0.0,0.0,0
2018-09-28 15:00:00,23,5,32,73,1017,10,0,0,22,-2.0,-5,2,3,0.0,-3,-1,2,3.0,3469.0,-12,5779,1530,-0.1,-0.1,0,0,0.0,0.0,0
2018-09-28 16:00:00,20,7,46,73,1018,10,0,0,22,-2.0,-5,3,5,1.0,-2,-2,2,3.0,3457.0,-12,5780,1532,-0.4,0.0,0,0,0.0,0.0,0
2018-09-28 17:00:00,15,5,52,73,1018,10,0,0,23,0.0,-6,4,5,1.0,-2,-2,2,1.0,3451.0,-12,5778,1532,0.1,0.0,0,0,0.0,0.0,0
2018-09-28 18:00:00,14,5,56,75,1017,10,0,0,22,1.0,-7,4,6,0.0,-2,-2,3,1.0,3404.0,-13,5770,1529,0.1,-0.1,0,0,0.0,0.0,0
2018-09-28 19:00:00,15,6,57,79,1018,10,0,0,22,0.0,-8,4,7,-2.0,-4,-3,4,2.0,3322.0,-13,5764,1530,-0.1,-0.1,0,0,0.0,0.0,0
2018-09-28 20:00:00,16,8,60,85,1018,10,0,0,22,-1.0,-6,4,8,-3.0,-4,-2,5,7.0,3194.0,-13,5760,1531,-0.3,-0.2,0,0,0.0,0.0,0
2018-09-28 21:00:00,14,6,64,85,1018,10,0,0,21,-1.0,-6,4,9,-3.0,-6,-1,5,9.0,3158.0,-13,5756,1531,-0.3,-0.1,0,0,0.0,0.0,0
2018-09-28 22:00:00,13,6,67,84,1018,9,0,0,21,0.0,-6,4,11,-3.0,-5,-1,4,8.0,3065.0,-13,5750,1529,-0.6,-0.1,0,0,1.6,0.0,0
2018-09-28 23:00:00,13,6,70,82,1019,9,0,0,21,0.0,-5,5,12,-3.0,-4,0,3,8.0,2968.0,-13,5749,1531,-0.6,-0.1,0,0,0.0,0.0,0
2018-09-29 00:00:00,13,7,75,71,1019,9,0,0,21,0.0,-5,6,12,-3.0,-5,-1,1,8.0,2900.0,-13,5748,1532,-0.8,-0.1,0,0,0.0,0.0,0
2018-09-29 01:00:00,12,8,81,53,1020,9,0,0,20,0.0,-4,6,12,-4.0,-5,-1,1,10.0,2924.0,-14,5745,1535,-0.5,-0.1,0,0,0.0,0.0,0
2018-09-29 02:00:00,12,8,83,63,1020,8,0,0,20,0.0,-5,7,11,-4.0,-5,0,1,10.0,2785.0,-14,5734,1530,-0.5,-0.1,0,0,0.0,0.0,0
2018-09-29 03:00:00,12,9,83,66,1020,8,0,0,20,-1.0,-7,7,12,-5.0,-5,0,-1,11.0,2690.0,-14,5728,1529,-0.8,-0.1,0,0,0.0,0.0,0
2018-09-29 04:00:00,12,9,84,64,1021,7,0,0,20,-2.0,-7,8,12,-7.0,-4,-1,-3,16.0,2619.0,-14,5726,1530,-0.8,0.0,0,0,0.0,0.0,0
2018-09-29 05:00:00,11,8,84,66,1021,7,0,0,20,-2.0,-7,8,12,-6.0,-3,-2,-3,15.0,2523.0,-15,5724,1531,-0.9,0.0,0,0,0.0,0.0,0
2018-09-29 06:00:00,13,7,69,74,1022,7,0,0,21,-2.0,-7,8,12,-6.0,-4,-2,-1,13.0,2474.0,-15,5720,1532,-1.5,-0.1,0,0,0.0,0.0,0
2018-09-29 07:00:00,13,7,64,81,1022,6,0,0,22,-2.0,-7,7,12,-7.0,-4,-3,-1,12.0,2472.0,-15,5717,1535,-1.8,0.1,0,0,2.4,0.0,0
2018-09-29 08:00:00,15,7,56,85,1023,6,0,0,22,-3.0,-8,6,11,-7.0,-6,-3,-2,11.0,2454.0,-16,5720,1540,-1.6,0.1,0,0,0.0,0.0,0
2018-09-29 09:00:00,17,6,49,88,1023,5,0,0,21,-3.0,-9,6,10,-7.0,-6,-3,-3,11.0,2397.0,-16,5719,1541,-0.8,0.0,0,0,0.0,0.0,0
2018-09-29 10:00:00,17,5,43,90,1023,5,0,0,21,-4.0,-8,6,8,-7.0,-8,-4,-5,10.0,2368.0,-15,5719,1541,-0.3,0.1,0,0,0.0,0.0,0
2018-09-29 11:00:00,18,4,40,86,1023,5,0,0,20,-3.0,-7,6,8,-6.0,-8,-4,-6,9.0,2353.0,-15,5721,1541,-0.4,0.2,0,0,0.0,0.0,0
2018-09-29 12:00:00,18,3,36,81,1023,4,0,0,19,-4.0,-5,6,5,-6.0,-8,-5,-7,9.0,2409.0,-15,5726,1546,-0.5,0.2,0,0,0.0,0.0,0
2018-09-29 13:00:00,18,1,32,77,1024,4,0,0,18,-3.0,-5,5,-4,-6.0,-8,-5,-9,9.0,2438.0,-15,5728,1546,0.0,0.2,0,0,0.0,0.0,0
2018-09-29 14:00:00,18,0,30,73,1023,4,0,0,16,-3.0,-5,5,-13,-6.0,-8,-5,-11,8.0,2463.0,-15,5725,1541,0.1,0.2,0,0,0.0,0.0,0
2018-09-29 15:00:00,17,0,30,68,1023,3,0,0,14,-3.0,-6,5,-22,-6.0,-8,-5,-12,8.0,2498.0,-15,5724,1539,0.1,0.1,0,0,0.0,0.0,0
2018-09-29 16:00:00,15,0,34,60,1024,3,0,0,13,-2.0,-7,3,-26,-5.0,-7,-5,-12,8.0,2540.0,-14,5728,1542,0.2,0.1,0,0,14.7,0.0,0
2018-09-29 17:00:00,11,1,48,50,1025,3,0,0,11,-1.0,-7,-1,-27,-4.0,-6,-5,-11,10.0,2573.0,-14,5731,1542,0.3,0.0,0,0,6.1,0.0,0
2018-09-29 18:00:00,10,0,49,39,1025,3,0,0,10,-1.0,-7,-5,-26,-4.0,-4,-6,-10,11.0,2589.0,-13,5731,1540,0.4,0.0,0,0,0.0,0.0,0
2018-09-29 19:00:00,9,0,51,28,1025,3,0,0,10,0.0,-7,-8,-26,-4.0,-2,-6,-9,13.0,2584.0,-12,5734,1541,0.2,0.0,0,0,0.0,0.0,0
2018-09-29 20:00:00,9,0,52,18,1025,3,0,0,9,0.0,-8,-9,-26,-4.0,0,-6,-9,13.0,2557.0,-12,5739,1544,0.0,0.0,0,0,0.0,0.0,0
2018-09-29 21:00:00,10,0,52,8,1025,3,0,0,9,0.0,-8,-10,-26,-5.0,1,-6,-8,13.0,2536.0,-12,5740,1545,-0.2,0.0,0,0,1.7,0.0,0
2018-09-29 22:00:00,9,0,55,4,1025,3,0,0,9,-1.0,-7,-11,-26,-5.0,0,-6,-7,13.0,2532.0,-11,5739,1542,-0.3,0.0,0,0,8.9,0.0,0
2018-09-29 23:00:00,8,1,61,3,1025,3,0,0,9,-1.0,-6,-11,-27,-4.0,1,-6,-7,9.0,2564.0,-11,5742,1542,-0.5,0.1,0,0,23.0,0.0,0
2018-09-30 00:00:00,6,0,74,5,1025,3,0,0,9,1.0,-4,-12,-26,-3.0,-1,-5,-6,8.0,2764.0,-11,5745,1541,-0.3,0.0,0,0,26.5,0.0,0
2018-09-30 01:00:00,5,0,79,5,1025,3,0,0,9,1.0,-3,-12,-25,-3.0,-1,-4,-5,8.0,2767.0,-11,5746,1539,-0.3,0.0,0,0,21.1,0.0,0
2018-09-30 02:00:00,4,0,81,5,1025,2,0,0,8,1.0,-2,-13,-25,-3.0,-2,-3,-3,8.0,2839.0,-11,5745,1535,-0.4,0.1,0,0,32.2,0.0,0
2018-09-30 03:00:00,3,0,84,5,1025,2,0,0,8,2.0,-2,-12,-24,-3.0,-3,-1,-2,4.0,2868.0,-11,5744,1534,-0.2,0.1,0,0,7.1,0.0,0
2018-09-30 04:00:00,3,0,83,5,1025,2,0,0,8,1.0,-3,-12,-22,-3.0,-4,-1,-1,4.0,2947.0,-11,5745,1533,-0.4,0.1,0,0,0.0,0.0,0
2018-09-30 05:00:00,2,-1,84,5,1025,2,0,0,9,1.0,-5,-12,-21,-2.0,-3,1,-1,3.0,2967.0,-11,5744,1530,-0.3,0.0,0,0,0.0,0.0,0
2018-09-30 06:00:00,6,0,71,5,1025,2,0,0,9,1.0,-5,-11,-21,-2.0,-4,2,-1,2.0,2958.0,-11,5742,1526,-0.2,0.1,0,0,0.0,0.0,0
2018-09-30 07:00:00,9,1,58,5,1024,2,0,0,9,0.0,-6,-11,-21,-1.0,-3,3,0,2.0,3050.0,-11,5741,1524,0.0,0.1,0,0,0.0,0.0,0
2018-09-30 08:00:00,12,2,51,5,1024,2,0,0,8,0.0,-6,-10,-21,-1.0,-2,3,1,2.0,3129.0,-11,5743,1526,0.0,0.0,0,0,0.0,0.0,0
2018-09-30 09:00:00,14,2,45,4,1024,2,0,0,8,-1.0,-5,-9,-22,-1.0,-1,3,2,2.0,3107.0,-11,5741,1523,0.2,-0.1,0,0,0.0,0.0,0
2018-09-30 10:00:00,15,2,40,4,1023,3,0,0,8,-1.0,-4,-9,-22,-1.0,-1,3,2,2.0,2990.0,-11,5736,1519,0.7,-0.1,0,0,0.0,0.0,0
2018-09-30 11:00:00,16,0,34,4,1022,4,0,0,7,-2.0,-4,-9,-23,-1.0,0,3,3,3.0,2955.0,-11,5733,1516,0.5,0.0,0,0,0.0,0.0,0
2018-09-30 12:00:00,17,0,30,4,1021,4,0,0,7,-2.0,-3,-9,-23,0.0,0,4,5,3.0,2980.0,-11,5733,1516,0.7,0.0,0,0,0.0,0.0,0
2018-09-30 13:00:00,18,0,29,4,1020,4,0,0,8,-2.0,-3,-9,-22,0.0,0,5,6,2.0,2985.0,-12,5729,1513,0.6,0.0,0,0,0.0,0.0,0
2018-09-30 14:00:00,18,0,29,5,1019,4,0,0,8,-2.0,-3,-8,-21,1.0,0,4,7,2.0,2960.0,-12,5721,1507,0.2,0.0,0,0,0.0,0.0,0
2018-09-30 15:00:00,17,0,30,10,1019,4,0,0,9,-2.0,-3,-8,-21,1.0,0,4,7,3.0,2938.0,-12,5715,1503,-0.2,0.0,0,0,0.0,0.0,0
2018-09-30 16:00:00,13,2,45,14,1019,5,0,0,9,-1.0,-2,-8,-21,1.0,2,4,8,3.0,2936.0,-13,5712,1502,0.4,0.0,0,0,0.0,0.0,0
2018-09-30 17:00:00,9,-4,41,19,1018,5,0,0,10,-1.0,-2,-7,-18,0.0,3,5,8,1.0,2883.0,-13,5705,1499,0.3,-0.2,0,0,0.0,0.0,0
2018-09-30 18:00:00,9,-4,43,23,1018,6,0,0,11,0.0,-2,-5,-13,0.0,4,6,8,1.0,2794.0,-14,5696,1495,0.4,-0.2,0,0,0.0,0.0,0
2018-09-30 19:00:00,9,-2,48,23,1017,6,0,0,12,0.0,-2,-3,-8,-1.0,6,7,8,2.0,2731.0,-14,5689,1494,0.0,-0.2,0,0,0.0,0.0,0
2018-09-30 20:00:00,9,0,54,18,1016,6,0,0,12,1.0,-2,-1,-3,-2.0,6,7,9,3.0,2666.0,-15,5680,1490,0.0,-0.1,0,0,0.0,0.0,0
2018-09-30 21:00:00,9,0,57,17,1015,6,0,0,13,0.0,-2,2,-1,-2.0,7,8,9,3.0,2590.0,-15,5672,1486,-0.1,-0.1,0,0,0.0,0.0,0
2018-09-30 22:00:00,9,0,58,16,1015,6,0,0,13,1.0,-3,5,0,-3.0,6,9,10,4.0,2599.0,-15,5666,1480,-0.1,0.0,0,0,0.0,0.0,0
2018-09-30 23:00:00,9,0,58,13,1014,6,0,0,14,1.0,-3,6,0,-3.0,5,10,11,4.0,2663.0,-16,5663,1476,-0.2,0.0,0,0,0.0,0.0,0
2018-10-01 00:00:00,8,0,62,11,1014,6,0,0,14,1.0,-2,6,-1,-3.0,4,10,12,4.0,2710.0,-16,5657,1470,-0.2,-0.1,0,0,0.0,0.0,0
